   0.00000   -1.57080    0.00000    0.00000    0.13636   -0.13636    0.00000    0.00000    0.00000    0.00000    0.00000
   0.00500   -1.57080    0.00000    0.00000    0.13636   -0.13636    0.00000    0.00000    0.00000    0.00000    0.00000
   0.01000   -1.57080    0.00000    0.00000    0.13636   -0.13636    0.00000    0.00000    0.00000    0.00000    0.00000
   0.01500   -1.57080    0.00000    0.00000    0.13636   -0.13636    0.00000    0.00000    0.00000    0.00000    0.00000
   0.02000   -1.57080    0.00000    0.00000    0.13636   -0.13636    0.00000    0.00000    0.00000    0.00000    0.00000
   0.02500   -1.57080    0.00000    0.00000    0.13636   -0.13636    0.00000    0.00000    0.00000    0.00000    0.00000
   0.03000   -1.57080    0.00000    0.00000    0.13636   -0.13636    0.00000    0.00000    0.00000    0.00000    0.00000
   0.03500   -1.57080    0.00000    0.00000    0.13636   -0.13636    0.00000    0.00000    0.00000    0.00000    0.00000
   0.04000   -1.57080    0.00000    0.00000    0.13636   -0.13636    0.00000    0.00000    0.00000    0.00000    0.00000
   0.04500   -1.57080    0.00000    0.00000    0.13636   -0.13636    0.00000    0.00000    0.00000    0.00000    0.00000
   0.05000   -1.57080    0.00000    0.00000    0.13636   -0.13636    0.00000    0.00000    0.00000    0.00000    0.00000
   0.05500   -1.57080    0.00000    0.00000    0.13636   -0.13636    0.00000    0.00000    0.00000    0.00000    0.00000
   0.06000   -1.57080    0.00000    0.00000    0.13636   -0.13636    0.00000    0.00000    0.00000    0.00000    0.00000
   0.06500   -1.57080    0.00000    0.00000    0.13636   -0.13636    0.00000    0.00000    0.00000    0.00000    0.00000
   0.07000   -1.57080    0.00000    0.00000    0.13636   -0.13636    0.00000    0.00000    0.00000    0.00000    0.00000
   0.07500   -1.57080    0.00000    0.00000    0.13636   -0.13636    0.00000    0.00000    0.00000    0.00000    0.00000
   0.08000   -1.57080    0.00000    0.00000    0.13636   -0.13636    0.00000    0.00000    0.00000    0.00000    0.00000
   0.08500   -1.57080    0.00000    0.00000    0.13636   -0.13636    0.00000    0.00000    0.00000    0.00000    0.00000
   0.09000   -1.57080    0.00000    0.00000    0.13636   -0.13636    0.00000    0.00000    0.00000    0.00000    0.00000
   0.09500   -1.57080    0.00000    0.00000    0.13636   -0.13636    0.00000    0.00000    0.00000    0.00000    0.00000
   0.10000   -1.57080    0.00000    0.00000    0.13636   -0.13636    0.00000    0.00000    0.00000    0.00000    0.00000
   0.10500   -1.57080    0.00000    0.00000    0.13636   -0.13636    0.00000    0.00000    0.00000    0.00000    0.00000
   0.11000   -1.57080    0.00000    0.00000    0.13636   -0.13636    0.00000    0.00000    0.00000    0.00000    0.00000
   0.11500   -1.57080    0.00000    0.00000    0.13636   -0.13636    0.00000    0.00000    0.00000    0.00000    0.00000
   0.12000   -1.57080    0.00000    0.00000    0.13636   -0.13636    0.00000    0.00000    0.00000    0.00000    0.00000
   0.12500   -1.57080    0.00000    0.00000    0.13636   -0.13636    0.00000    0.00000    0.00000    0.00000    0.00000
   0.13000   -1.57080    0.00000    0.00000    0.13636   -0.13636    0.00000    0.00000    0.00000    0.00000    0.00000
   0.13500   -1.57080    0.00000    0.00000    0.13636   -0.13636    0.00000    0.00000    0.00000    0.00000    0.00000
   0.14000   -1.57080    0.00000    0.00000    0.13636   -0.13636    0.00000    0.00000    0.00000    0.00000    0.00000
   0.14500   -1.57080    0.00000    0.00000    0.13636   -0.13636    0.00000    0.00000    0.00000    0.00000    0.00000
   0.15000   -1.57080    0.00000    0.00000    0.13636   -0.13636    0.00000    0.00000    0.00000    0.00000    0.00000
   0.15500   -1.57080    0.00000    0.00000    0.13636   -0.13636    0.00000    0.00000    0.00000    0.00000    0.00000
   0.16000   -1.57080    0.00000    0.00000    0.13636   -0.13636    0.00000    0.00000    0.00000    0.00000    0.00000
   0.16500   -1.57080    0.00000    0.00000    0.13636   -0.13636    0.00000    0.00000    0.00000    0.00000    0.00000
   0.17000   -1.57080    0.00000    0.00000    0.13636   -0.13636    0.00000    0.00000    0.00000    0.00000    0.00000
   0.17500   -1.57080    0.00000    0.00000    0.13636   -0.13636    0.00000    0.00000    0.00000    0.00000    0.00000
   0.18000   -1.57080    0.00000    0.00000    0.13636   -0.13636    0.00000    0.00000    0.00000    0.00000    0.00000
   0.18500   -1.57080    0.00000    0.00000    0.13636   -0.13636    0.00000    0.00000    0.00000    0.00000    0.00000
   0.19000   -1.57080    0.00000    0.00000    0.13636   -0.13636    0.00000    0.00000    0.00000    0.00000    0.00000
   0.19500   -1.57080    0.00000    0.00000    0.13636   -0.13636    0.00000    0.00000    0.00000    0.00000    0.00000
   0.20000   -1.57080    0.00000    0.00000    0.13636   -0.13636    0.00000    0.00000    0.00000    0.00000    0.00000
   0.20500   -1.57080    0.00000    0.00000    0.13636   -0.13636    0.00000    0.00000    0.00000    0.00000    0.00000
   0.21000   -1.57080    0.00000    0.00000    0.13636   -0.13636    0.00000    0.00000    0.00000    0.00000    0.00000
   0.21500   -1.57080    0.00000    0.00000    0.13636   -0.13636    0.00000    0.00000    0.00000    0.00000    0.00000
   0.22000   -1.57080    0.00000    0.00000    0.13636   -0.13636    0.00000    0.00000    0.00000    0.00000    0.00000
   0.22500   -1.57080    0.00000    0.00000    0.13636   -0.13636    0.00000    0.00000    0.00000    0.00000    0.00000
   0.23000   -1.57080    0.00000    0.00000    0.13636   -0.13636    0.00000    0.00000    0.00000    0.00000    0.00000
   0.23500   -1.57080    0.00000    0.00000    0.13636   -0.13636    0.00000    0.00000    0.00000    0.00000    0.00000
   0.24000   -1.57080    0.00000    0.00000    0.13636   -0.13636    0.00000    0.00000    0.00000    0.00000    0.00000
   0.24500   -1.57080    0.00000    0.00000    0.13636   -0.13636    0.00000    0.00000    0.00000    0.00000    0.00000
   0.25000   -1.57080    0.00000    0.00000    0.13636   -0.13636    0.00000    0.00000    0.00000    0.00000    0.00000
   0.25500   -1.57080    0.00000    0.00000    0.13636   -0.13636    0.00000    0.00000    0.00000    0.00000    0.00000
   0.26000   -1.57080    0.00000    0.00000    0.13636   -0.13636    0.00000    0.00000    0.00000    0.00000    0.00000
   0.26500   -1.57080    0.00000    0.00000    0.13636   -0.13636    0.00000    0.00000    0.00000    0.00000    0.00000
   0.27000   -1.57080    0.00000    0.00000    0.13636   -0.13636    0.00000    0.00000    0.00000    0.00000    0.00000
   0.27500   -1.57080    0.00000    0.00000    0.13636   -0.13636    0.00000    0.00000    0.00000    0.00000    0.00000
   0.28000   -1.57080    0.00000    0.00000    0.13636   -0.13636    0.00000    0.00000    0.00000    0.00000    0.00000
   0.28500   -1.57080    0.00000    0.00000    0.13636   -0.13636    0.00000    0.00000    0.00000    0.00000    0.00000
   0.29000   -1.57080    0.00000    0.00000    0.13636   -0.13636    0.00000    0.00000    0.00000    0.00000    0.00000
   0.29500   -1.57080    0.00000    0.00000    0.13636   -0.13636    0.00000    0.00000    0.00000    0.00000    0.00000
   0.30000   -1.57080    0.00000    0.00000    0.13636   -0.13636    0.00000    0.00000    0.00000    0.00000    0.00000
   0.30500   -1.57080    0.00000    0.00000    0.13636   -0.13636    0.00000    0.00000    0.00000    0.00000    0.00000
   0.31000   -1.57080    0.00000    0.00000    0.13636   -0.13636    0.00000    0.00000    0.00000    0.00000    0.00000
   0.31500   -1.57080    0.00000    0.00000    0.13636   -0.13636    0.00000    0.00000    0.00000    0.00000    0.00000
   0.32000   -1.57080    0.00000    0.00000    0.13636   -0.13636    0.00000    0.00000    0.00000    0.00000    0.00000
   0.32500   -1.57080    0.00000    0.00000    0.13636   -0.13636    0.00000    0.00000    0.00000    0.00000    0.00000
   0.33000   -1.57080    0.00000    0.00000    0.13636   -0.13636    0.00000    0.00000    0.00000    0.00000    0.00000
   0.33500   -1.57080    0.00000    0.00000    0.13636   -0.13636    0.00000    0.00000    0.00000    0.00000    0.00000
   0.34000   -1.57080    0.00000    0.00000    0.13636   -0.13636    0.00000    0.00000    0.00000    0.00000    0.00000
   0.34500   -1.57080    0.00000    0.00000    0.13636   -0.13636    0.00000    0.00000    0.00000    0.00000    0.00000
   0.35000   -1.57080    0.00000    0.00000    0.13636   -0.13636    0.00000    0.00000    0.00000    0.00000    0.00000
   0.35500   -1.57080    0.00000    0.00000    0.13636   -0.13636    0.00000    0.00000    0.00000    0.00000    0.00000
   0.36000   -1.57080    0.00000    0.00000    0.13636   -0.13636    0.00000    0.00000    0.00000    0.00000    0.00000
   0.36500   -1.57080    0.00000    0.00000    0.13636   -0.13636    0.00000    0.00000    0.00000    0.00000    0.00000
   0.37000   -1.57080    0.00000    0.00000    0.13636   -0.13636    0.00000    0.00000    0.00000    0.00000    0.00000
   0.37500   -1.57080    0.00000    0.00000    0.13636   -0.13636    0.00000    0.00000    0.00000    0.00000    0.00000
   0.38000   -1.57080    0.00000    0.00000    0.13636   -0.13636    0.00000    0.00000    0.00000    0.00000    0.00000
   0.38500   -1.57080    0.00000    0.00000    0.13636   -0.13636    0.00000    0.00000    0.00000    0.00000    0.00000
   0.39000   -1.57080    0.00000    0.00000    0.13636   -0.13636    0.00000    0.00000    0.00000    0.00000    0.00000
   0.39500   -1.57080    0.00000    0.00000    0.13636   -0.13636    0.00000    0.00000    0.00000    0.00000    0.00000
   0.40000   -1.57080    0.00000    0.00000    0.13636   -0.13636    0.00000    0.00000    0.00000    0.00000    0.00000
   0.40500   -1.57080    0.00000    0.00000    0.13636   -0.13636    0.00000    0.00000    0.00000    0.00000    0.00000
   0.41000   -1.57080    0.00000    0.00000    0.13636   -0.13636    0.00000    0.00000    0.00000    0.00000    0.00000
   0.41500   -1.57080    0.00000    0.00000    0.13636   -0.13636    0.00000    0.00000    0.00000    0.00000    0.00000
   0.42000   -1.57080    0.00000    0.00000    0.13636   -0.13636    0.00000    0.00000    0.00000    0.00000    0.00000
   0.42500   -1.57080    0.00000    0.00000    0.13636   -0.13636    0.00000    0.00000    0.00000    0.00000    0.00000
   0.43000   -1.57080    0.00000    0.00000    0.13636   -0.13636    0.00000    0.00000    0.00000    0.00000    0.00000
   0.43500   -1.57080    0.00000    0.00000    0.13636   -0.13636    0.00000    0.00000    0.00000    0.00000    0.00000
   0.44000   -1.57080    0.00000    0.00000    0.13636   -0.13636    0.00000    0.00000    0.00000    0.00000    0.00000
   0.44500   -1.57080    0.00000    0.00000    0.13636   -0.13636    0.00000    0.00000    0.00000    0.00000    0.00000
   0.45000   -1.57080    0.00000    0.00000    0.13636   -0.13636    0.00000    0.00000    0.00000    0.00000    0.00000
   0.45500   -1.57080    0.00000    0.00000    0.13636   -0.13636    0.00000    0.00000    0.00000    0.00000    0.00000
   0.46000   -1.57080    0.00000    0.00000    0.13636   -0.13636    0.00000    0.00000    0.00000    0.00000    0.00000
   0.46500   -1.57080    0.00000    0.00000    0.13636   -0.13636    0.00000    0.00000    0.00000    0.00000    0.00000
   0.47000   -1.57080    0.00000    0.00000    0.13636   -0.13636    0.00000    0.00000    0.00000    0.00000    0.00000
   0.47500   -1.57080    0.00000    0.00000    0.13636   -0.13636    0.00000    0.00000    0.00000    0.00000    0.00000
   0.48000   -1.57080    0.00000    0.00000    0.13636   -0.13636    0.00000    0.00000    0.00000    0.00000    0.00000
   0.48500   -1.57080    0.00000    0.00000    0.13636   -0.13636    0.00000    0.00000    0.00000    0.00000    0.00000
   0.49000   -1.57080    0.00000    0.00000    0.13636   -0.13636    0.00000    0.00000    0.00000    0.00000    0.00000
   0.49500   -1.57080    0.00000    0.00000    0.13636   -0.13636    0.00000    0.00000    0.00000    0.00000    0.00000
   0.50000   -1.57080    0.00000    0.00000    0.13636   -0.13636    0.00000    0.00000    0.00000    0.00000    0.00000
   0.50500   -1.57080    0.00000    0.00000    0.13636   -0.13636    0.00000    0.00000    0.00000    0.00000    0.00000
   0.51000   -1.57080    0.00000    0.00000    0.13636   -0.13636    0.00000    0.00000    0.00000    0.00000    0.00000
   0.51500   -1.57080    0.00000    0.00000    0.13636   -0.13636    0.00000    0.00000    0.00000    0.00000    0.00000
   0.52000   -1.57080    0.00000    0.00000    0.13636   -0.13636    0.00000    0.00000    0.00000    0.00000    0.00000
   0.52500   -1.57080    0.00000    0.00000    0.13636   -0.13636    0.00000    0.00000    0.00000    0.00000    0.00000
   0.53000   -1.57080    0.00000    0.00000    0.13636   -0.13636    0.00000    0.00000    0.00000    0.00000    0.00000
   0.53500   -1.57080    0.00000    0.00000    0.13636   -0.13636    0.00000    0.00000    0.00000    0.00000    0.00000
   0.54000   -1.57080    0.00000    0.00000    0.13636   -0.13636    0.00000    0.00000    0.00000    0.00000    0.00000
   0.54500   -1.57080    0.00000    0.00000    0.13636   -0.13636    0.00000    0.00000    0.00000    0.00000    0.00000
   0.55000   -1.57080    0.00000    0.00000    0.13636   -0.13636    0.00000    0.00000    0.00000    0.00000    0.00000
   0.55500   -1.57080    0.00000    0.00000    0.13636   -0.13636    0.00000    0.00000    0.00000    0.00000    0.00000
   0.56000   -1.57080    0.00000    0.00000    0.13636   -0.13636    0.00000    0.00000    0.00000    0.00000    0.00000
   0.56500   -1.57080    0.00000    0.00000    0.13636   -0.13636    0.00000    0.00000    0.00000    0.00000    0.00000
   0.57000   -1.57080    0.00000    0.00000    0.13636   -0.13636    0.00000    0.00000    0.00000    0.00000    0.00000
   0.57500   -1.57080    0.00000    0.00000    0.13636   -0.13636    0.00000    0.00000    0.00000    0.00000    0.00000
   0.58000   -1.57080    0.00000    0.00000    0.13636   -0.13636    0.00000    0.00000    0.00000    0.00000    0.00000
   0.58500   -1.57080    0.00000    0.00000    0.13636   -0.13636    0.00000    0.00000    0.00000    0.00000    0.00000
   0.59000   -1.57080    0.00000    0.00000    0.13636   -0.13636    0.00000    0.00000    0.00000    0.00000    0.00000
   0.59500   -1.57080    0.00000    0.00000    0.13636   -0.13636    0.00000    0.00000    0.00000    0.00000    0.00000
   0.60000   -1.57080    0.00000    0.00000    0.13636   -0.13636    0.00000    0.00000    0.00000    0.00000    0.00000
   0.60500   -1.57080    0.00000    0.00000    0.13636   -0.13636    0.00000    0.00000    0.00000    0.00000    0.00000
   0.61000   -1.57080    0.00000    0.00000    0.13636   -0.13636    0.00000    0.00000    0.00000    0.00000    0.00000
   0.61500   -1.57080    0.00000    0.00000    0.13636   -0.13636    0.00000    0.00000    0.00000    0.00000    0.00000
   0.62000   -1.57080    0.00000    0.00000    0.13636   -0.13636    0.00000    0.00000    0.00000    0.00000    0.00000
   0.62500   -1.57080    0.00000    0.00000    0.13636   -0.13636    0.00000    0.00000    0.00000    0.00000    0.00000
   0.63000   -1.57080    0.00000    0.00000    0.13636   -0.13636    0.00000    0.00000    0.00000    0.00000    0.00000
   0.63500   -1.57080    0.00000    0.00000    0.13636   -0.13636    0.00000    0.00000    0.00000    0.00000    0.00000
   0.64000   -1.57080    0.00000    0.00000    0.13636   -0.13636    0.00000    0.00000    0.00000    0.00000    0.00000
   0.64500   -1.57080    0.00000    0.00000    0.13636   -0.13636    0.00000    0.00000    0.00000    0.00000    0.00000
   0.65000   -1.57080    0.00000    0.00000    0.13636   -0.13636    0.00000    0.00000    0.00000    0.00000    0.00000
   0.65500   -1.57080    0.00000    0.00000    0.13636   -0.13636    0.00000    0.00000    0.00000    0.00000    0.00000
   0.66000   -1.57080    0.00000    0.00000    0.13636   -0.13636    0.00000    0.00000    0.00000    0.00000    0.00000
   0.66500   -1.57080    0.00000    0.00000    0.13636   -0.13636    0.00000    0.00000    0.00000    0.00000    0.00000
   0.67000   -1.57080    0.00000    0.00000    0.13636   -0.13636    0.00000    0.00000    0.00000    0.00000    0.00000
   0.67500   -1.57080    0.00000    0.00000    0.13636   -0.13636    0.00000    0.00000    0.00000    0.00000    0.00000
   0.68000   -1.57080    0.00000    0.00000    0.13636   -0.13636    0.00000    0.00000    0.00000    0.00000    0.00000
   0.68500   -1.57080    0.00000    0.00000    0.13636   -0.13636    0.00000    0.00000    0.00000    0.00000    0.00000
   0.69000   -1.57080    0.00000    0.00000    0.13636   -0.13636    0.00000    0.00000    0.00000    0.00000    0.00000
   0.69500   -1.57080    0.00000    0.00000    0.13636   -0.13636    0.00000    0.00000    0.00000    0.00000    0.00000
   0.70000   -1.57080    0.00000    0.00000    0.13636   -0.13636    0.00000    0.00000    0.00000    0.00000    0.00000
   0.70500   -1.57080    0.00000    0.00000    0.13636   -0.13636    0.00000    0.00000    0.00000    0.00000    0.00000
   0.71000   -1.57080    0.00000    0.00000    0.13636   -0.13636    0.00000    0.00000    0.00000    0.00000    0.00000
   0.71500   -1.57080    0.00000    0.00000    0.13636   -0.13636    0.00000    0.00000    0.00000    0.00000    0.00000
   0.72000   -1.57080    0.00000    0.00000    0.13636   -0.13636    0.00000    0.00000    0.00000    0.00000    0.00000
   0.72500   -1.57080    0.00000    0.00000    0.13636   -0.13636    0.00000    0.00000    0.00000    0.00000    0.00000
   0.73000   -1.57080    0.00000    0.00000    0.13636   -0.13636    0.00000    0.00000    0.00000    0.00000    0.00000
   0.73500   -1.57080    0.00000    0.00000    0.13636   -0.13636    0.00000    0.00000    0.00000    0.00000    0.00000
   0.74000   -1.57080    0.00000    0.00000    0.13636   -0.13636    0.00000    0.00000    0.00000    0.00000    0.00000
   0.74500   -1.57080    0.00000    0.00000    0.13636   -0.13636    0.00000    0.00000    0.00000    0.00000    0.00000
   0.75000   -1.57080    0.00000    0.00000    0.13636   -0.13636    0.00000    0.00000    0.00000    0.00000    0.00000
   0.75500   -1.57080    0.00000    0.00000    0.13636   -0.13636    0.00000    0.00000    0.00000    0.00000    0.00000
   0.76000   -1.57080    0.00000    0.00000    0.13636   -0.13636    0.00000    0.00000    0.00000    0.00000    0.00000
   0.76500   -1.57080    0.00000    0.00000    0.13636   -0.13636    0.00000    0.00000    0.00000    0.00000    0.00000
   0.77000   -1.57080    0.00000    0.00000    0.13636   -0.13636    0.00000    0.00000    0.00000    0.00000    0.00000
   0.77500   -1.57080    0.00000    0.00000    0.13636   -0.13636    0.00000    0.00000    0.00000    0.00000    0.00000
   0.78000   -1.57080    0.00000    0.00000    0.13636   -0.13636    0.00000    0.00000    0.00000    0.00000    0.00000
   0.78500   -1.57080    0.00000    0.00000    0.13636   -0.13636    0.00000    0.00000    0.00000    0.00000    0.00000
   0.79000   -1.57080    0.00000    0.00000    0.13636   -0.13636    0.00000    0.00000    0.00000    0.00000    0.00000
   0.79500   -1.57080    0.00000    0.00000    0.13636   -0.13636    0.00000    0.00000    0.00000    0.00000    0.00000
   0.80000   -1.57080    0.00000    0.00000    0.13636   -0.13636    0.00000    0.00000    0.00000    0.00000    0.00000
   0.80500   -1.57080    0.00000    0.00000    0.13636   -0.13636    0.00000    0.00000    0.00000    0.00000    0.00000
   0.81000   -1.57080    0.00000    0.00000    0.13636   -0.13636    0.00000    0.00000    0.00000    0.00000    0.00000
   0.81500   -1.57080    0.00000    0.00000    0.13636   -0.13636    0.00000    0.00000    0.00000    0.00000    0.00000
   0.82000   -1.57080    0.00000    0.00000    0.13636   -0.13636    0.00000    0.00000    0.00000    0.00000    0.00000
   0.82500   -1.57080    0.00000    0.00000    0.13636   -0.13636    0.00000    0.00000    0.00000    0.00000    0.00000
   0.83000   -1.57080    0.00000    0.00000    0.13636   -0.13636    0.00000    0.00000    0.00000    0.00000    0.00000
   0.83500   -1.57080    0.00000    0.00000    0.13636   -0.13636    0.00000    0.00000    0.00000    0.00000    0.00000
   0.84000   -1.57080    0.00000    0.00000    0.13636   -0.13636    0.00000    0.00000    0.00000    0.00000    0.00000
   0.84500   -1.57080    0.00000    0.00000    0.13636   -0.13636    0.00000    0.00000    0.00000    0.00000    0.00000
   0.85000   -1.57080    0.00000    0.00000    0.13636   -0.13636    0.00000    0.00000    0.00000    0.00000    0.00000
   0.85500   -1.57080    0.00000    0.00000    0.13636   -0.13636    0.00000    0.00000    0.00000    0.00000    0.00000
   0.86000   -1.57080    0.00000    0.00000    0.13636   -0.13636    0.00000    0.00000    0.00000    0.00000    0.00000
   0.86500   -1.57080    0.00000    0.00000    0.13636   -0.13636    0.00000    0.00000    0.00000    0.00000    0.00000
   0.87000   -1.57080    0.00000    0.00000    0.13636   -0.13636    0.00000    0.00000    0.00000    0.00000    0.00000
   0.87500   -1.57080    0.00000    0.00000    0.13636   -0.13636    0.00000    0.00000    0.00000    0.00000    0.00000
   0.88000   -1.57080    0.00000    0.00000    0.13636   -0.13636    0.00000    0.00000    0.00000    0.00000    0.00000
   0.88500   -1.57080    0.00000    0.00000    0.13636   -0.13636    0.00000    0.00000    0.00000    0.00000    0.00000
   0.89000   -1.57080    0.00000    0.00000    0.13636   -0.13636    0.00000    0.00000    0.00000    0.00000    0.00000
   0.89500   -1.57080    0.00000    0.00000    0.13636   -0.13636    0.00000    0.00000    0.00000    0.00000    0.00000
   0.90000   -1.57080    0.00000    0.00000    0.13636   -0.13636    0.00000    0.00000    0.00000    0.00000    0.00000
   0.90500   -1.57080    0.00000    0.00000    0.13636   -0.13636    0.00000    0.00000    0.00000    0.00000    0.00000
   0.91000   -1.57080    0.00000    0.00000    0.13636   -0.13636    0.00000    0.00000    0.00000    0.00000    0.00000
   0.91500   -1.57080    0.00000    0.00000    0.13636   -0.13636    0.00000    0.00000    0.00000    0.00000    0.00000
   0.92000   -1.57080    0.00000    0.00000    0.13636   -0.13636    0.00000    0.00000    0.00000    0.00000    0.00000
   0.92500   -1.57080    0.00000    0.00000    0.13636   -0.13636    0.00000    0.00000    0.00000    0.00000    0.00000
   0.93000   -1.57080    0.00000    0.00000    0.13636   -0.13636    0.00000    0.00000    0.00000    0.00000    0.00000
   0.93500   -1.57080    0.00000    0.00000    0.13636   -0.13636    0.00000    0.00000    0.00000    0.00000    0.00000
   0.94000   -1.57080    0.00000    0.00000    0.13636   -0.13636    0.00000    0.00000    0.00000    0.00000    0.00000
   0.94500   -1.57080    0.00000    0.00000    0.13636   -0.13636    0.00000    0.00000    0.00000    0.00000    0.00000
   0.95000   -1.57080    0.00000    0.00000    0.13636   -0.13636    0.00000    0.00000    0.00000    0.00000    0.00000
   0.95500   -1.57080    0.00000    0.00000    0.13636   -0.13636    0.00000    0.00000    0.00000    0.00000    0.00000
   0.96000   -1.57080    0.00000    0.00000    0.13636   -0.13636    0.00000    0.00000    0.00000    0.00000    0.00000
   0.96500   -1.57080    0.00000    0.00000    0.13636   -0.13636    0.00000    0.00000    0.00000    0.00000    0.00000
   0.97000   -1.57080    0.00000    0.00000    0.13636   -0.13636    0.00000    0.00000    0.00000    0.00000    0.00000
   0.97500   -1.57080    0.00000    0.00000    0.13636   -0.13636    0.00000    0.00000    0.00000    0.00000    0.00000
   0.98000   -1.57080    0.00000    0.00000    0.13636   -0.13636    0.00000    0.00000    0.00000    0.00000    0.00000
   0.98500   -1.57080    0.00000    0.00000    0.13636   -0.13636    0.00000    0.00000    0.00000    0.00000    0.00000
   0.99000   -1.57080    0.00000    0.00000    0.13636   -0.13636    0.00000    0.00000    0.00000    0.00000    0.00000
   0.99500   -1.57080    0.00000    0.00000    0.13636   -0.13636    0.00000    0.00000    0.00000    0.00000    0.00000
   1.00000   -1.57080    0.00000    0.00000    0.13636   -0.13636    0.00000    0.00000    0.74995   -0.09406   -0.01454
   1.00500   -1.57079    0.00186   -0.20933    0.14195   -0.13636    2.20538    0.00127    0.58567   -0.09411   -0.01494
   1.01000   -1.57078    0.00428   -0.42445    0.15672   -0.13635    3.67801    0.00228    0.45704   -0.09369   -0.01532
   1.01500   -1.57075    0.00762   -0.64551    0.17739   -0.13633    4.57077    0.00463    0.35103   -0.09367   -0.01568
   1.02000   -1.57070    0.01212   -0.87235    0.20132   -0.13631    4.98884    0.00690    0.25703   -0.09318   -0.01604
   1.02500   -1.57062    0.01788   -1.10499    0.22632   -0.13626    5.00000    0.01066    0.27239   -0.09309   -0.01636
   1.03000   -1.57052    0.02492   -1.34308    0.25135   -0.13620    5.00000    0.01446    0.29099   -0.09258   -0.01667
   1.03500   -1.57037    0.03325   -1.58636    0.27638   -0.13611    5.00000    0.01973    0.30975   -0.09245   -0.01696
   1.04000   -1.57018    0.04286   -1.83452    0.30141   -0.13600    5.00000    0.02506    0.32865   -0.09192   -0.01724
   1.04500   -1.56994    0.05376   -2.08728    0.32643   -0.13586    5.00000    0.03183    0.34769   -0.09175   -0.01749
   1.05000   -1.56964    0.06593   -2.34434    0.35146   -0.13568    5.00000    0.03869    0.36687   -0.09119   -0.01772
   1.05500   -1.56928    0.07938   -2.60539    0.37649   -0.13547    5.00000    0.04695    0.38619   -0.09099   -0.01793
   1.06000   -1.56885    0.09409   -2.87015    0.40152   -0.13521    5.00000    0.05533    0.40565   -0.09041   -0.01812
   1.06500   -1.56834    0.11007   -3.13829    0.42655   -0.13491    5.00000    0.06507    0.41901   -0.09017   -0.01829
   1.07000   -1.56774    0.12730   -3.40952    0.45152   -0.13456    4.97905    0.07495    0.41314   -0.08958   -0.01844
   1.07500   -1.56706    0.14576   -3.68351    0.47618   -0.13416    4.87377    0.08615    0.41184   -0.08931   -0.01857
   1.08000   -1.56628    0.16541   -3.95993    0.50015   -0.13370    4.70642    0.09748    0.41373   -0.08871   -0.01868
   1.08500   -1.56541    0.18620   -4.23840    0.52317   -0.13318    4.49395    0.11004    0.41771   -0.08843   -0.01876
   1.09000   -1.56442    0.20804   -4.51855    0.54505   -0.13260    4.24919    0.12267    0.42300   -0.08784   -0.01883
   1.09500   -1.56332    0.23085   -4.79999    0.56564   -0.13195    3.98192    0.13642    0.42899   -0.08756   -0.01887
   1.10000   -1.56211    0.25454   -5.08233    0.58486   -0.13123    3.69963    0.15016    0.43522   -0.08699   -0.01890
   1.10500   -1.56078    0.27900   -5.36515    0.60264   -0.13044    3.40799    0.16486    0.44135   -0.08672   -0.01890
   1.11000   -1.55932    0.30412   -5.64805    0.61895   -0.12958    3.11136    0.17947    0.44712   -0.08618   -0.01888
   1.11500   -1.55774    0.32979   -5.93061    0.63377   -0.12865    2.81309    0.19488    0.45234   -0.08592   -0.01884
   1.12000   -1.55602    0.35590   -6.21242    0.64710   -0.12763    2.51572    0.21008    0.45687   -0.08541   -0.01878
   1.12500   -1.55418    0.38234   -6.49308    0.65894   -0.12654    2.22123    0.22593    0.46063   -0.08518   -0.01870
   1.13000   -1.55220    0.40898   -6.77217    0.66933   -0.12537    1.93112    0.24146    0.46353   -0.08472   -0.01860
   1.13500   -1.55009    0.43572   -7.04928    0.67827   -0.12413    1.64656    0.25749    0.46554   -0.08452   -0.01848
   1.14000   -1.54784    0.46244   -7.32401    0.68581   -0.12280    1.36843    0.27307    0.46663   -0.08410   -0.01834
   1.14500   -1.54546    0.48903   -7.59596    0.69197   -0.12139    1.09742    0.28899    0.46680   -0.08393   -0.01817
   1.15000   -1.54295    0.51538   -7.86474    0.69680   -0.11991    0.83406    0.30437    0.46604   -0.08356   -0.01799
   1.15500   -1.54031    0.54138   -8.12996    0.70032   -0.11835    0.57875    0.31993    0.46437   -0.08344   -0.01779
   1.16000   -1.53754    0.56691   -8.39124    0.70259   -0.11671    0.33178    0.33484    0.46181   -0.08311   -0.01756
   1.16500   -1.53464    0.59190   -8.64822    0.70365   -0.11500    0.09338    0.34979    0.45845   -0.08303   -0.01733
   1.17000   -1.53162    0.61622   -8.90059    0.70353   -0.11321   -0.13605    0.36399    0.45411   -0.08276   -0.01706
   1.17500   -1.52848    0.63979   -9.14782    0.70229   -0.11136   -0.35689    0.37810    0.44918   -0.08273   -0.01678
   1.18000   -1.52522    0.66251   -9.38971    0.69997   -0.10943   -0.56834    0.39136    0.44322   -0.08252   -0.01648
   1.18500   -1.52186    0.68430   -9.62583    0.69660   -0.10744   -0.77124    0.40441    0.43668   -0.08259   -0.01616
   1.19000   -1.51838    0.70507   -9.85588    0.69225   -0.10539   -0.96507    0.41630    0.42945   -0.08218   -0.01583
   1.19500   -1.51481    0.72474  -10.07950    0.68695   -0.10328   -1.14984    0.42877    0.40835   -0.08271   -0.01406
   1.20000   -1.51114    0.74306  -10.27614    0.68063   -0.10111   -1.37008    0.43857    0.41635   -0.08209   -0.01511
   1.20500   -1.50738    0.76031  -10.48620    0.67338   -0.09889   -1.52210    0.44977    0.40661   -0.08268   -0.01473
   1.21000   -1.50354    0.77623  -10.68897    0.66539   -0.09662   -1.66814    0.45821    0.39662   -0.08217   -0.01432
   1.21500   -1.49962    0.79077  -10.88413    0.65668   -0.09430   -1.80728    0.46777    0.38633   -0.08279   -0.01390
   1.22000   -1.49563    0.80389  -11.07141    0.64730   -0.09195   -1.93908    0.47459    0.37571   -0.08236   -0.01346
   1.22500   -1.49158    0.81552  -11.25057    0.63728   -0.08955   -2.06324    0.48238    0.36496   -0.08310   -0.01301
   1.23000   -1.48748    0.82562  -11.42137    0.62665   -0.08713   -2.17906    0.48716    0.35397   -0.08239   -0.01254
   1.23500   -1.48333    0.83415  -11.58355    0.61547   -0.08468   -2.28636    0.49400    0.34284   -0.09167   -0.01207
   1.24000   -1.47914    0.84108  -11.73695    0.60377   -0.08227   -2.38478    0.46909    0.33158   -0.11315   -0.01158
   1.24500   -1.47492    0.84635  -11.88137    0.59160   -0.08017   -2.47414    0.37395    0.32023   -0.13034   -0.01107
   1.25000   -1.47068    0.84994  -12.01653    0.57901   -0.07866   -2.55429    0.22902    0.30875   -0.14442   -0.01054
   1.25500   -1.46642    0.85176  -12.14209    0.56604   -0.07797   -2.62537    0.05005    0.29745   -0.15667   -0.01001
   1.26000   -1.46216    0.85177  -12.25798    0.55274   -0.07824   -2.68662   -0.15229    0.28601   -0.16735   -0.00946
   1.26500   -1.45791    0.84991  -12.36393    0.53916   -0.07955   -2.73860   -0.36863    0.27487   -0.17734   -0.00889
   1.27000   -1.45367    0.84610  -12.45961    0.52534   -0.08197   -2.78048   -0.59309    0.26381   -0.18682   -0.00832
   1.27500   -1.44945    0.84030  -12.54484    0.51134   -0.08551   -2.81241   -0.82066    0.25287   -0.19612   -0.00773
   1.28000   -1.44527    0.83245  -12.61953    0.49720   -0.09020   -2.83453   -1.04779    0.24221   -0.20548   -0.00713
   1.28500   -1.44113    0.82250  -12.68330    0.48298   -0.09602   -2.84660   -1.27196    0.23184   -0.21501   -0.00652
   1.29000   -1.43705    0.81041  -12.73609    0.46872   -0.10294   -2.84854   -1.49120    0.22173   -0.22473   -0.00589
   1.29500   -1.43303    0.79615  -12.77763    0.45448   -0.11094   -2.84046   -1.70384    0.21202   -0.23495   -0.00526
   1.30000   -1.42909    0.77968  -12.80784    0.44030   -0.12000   -2.82220   -1.90939    0.20286   -0.24565   -0.00461
   1.30500   -1.42524    0.76098  -12.82659    0.42625   -0.13006   -2.79324   -2.10742    0.19417   -0.25670   -0.00397
   1.31000   -1.42148    0.74004  -12.83384    0.41236   -0.14109   -2.75348   -2.29717    0.18580   -0.26804   -0.00330
   1.31500   -1.41784    0.71684  -12.82932    0.39871   -0.15305   -2.70352   -2.47778    0.17823   -0.28006   -0.00264
   1.32000   -1.41432    0.69138  -12.81315    0.38533   -0.16589   -2.64240   -2.64992    0.17095   -0.29232   -0.00196
   1.32500   -1.41093    0.66366  -12.78501    0.37228   -0.17957   -2.57112   -2.81278    0.16458   -0.30520   -0.00129
   1.33000   -1.40769    0.63369  -12.74518    0.35961   -0.19404   -2.48866   -2.96696    0.15870   -0.31837   -0.00061
   1.33500   -1.40460    0.60150  -12.69344    0.34739   -0.20926   -2.39560   -3.11205    0.15355   -0.33195    0.00008
   1.34000   -1.40168    0.56710  -12.62982    0.33566   -0.22518   -2.29181   -3.24814    0.14908   -0.34597    0.00077
   1.34500   -1.39893    0.53053  -12.55432    0.32448   -0.24177   -2.17747   -3.37554    0.14536   -0.36025    0.00146
   1.35000   -1.39637    0.49182  -12.46697    0.31389   -0.25897   -2.05262   -3.49404    0.14229   -0.37492    0.00216
   1.35500   -1.39402    0.45101  -12.36775    0.30396   -0.27674   -1.91779   -3.60395    0.14000   -0.38986    0.00285
   1.36000   -1.39187    0.40815  -12.25680    0.29472   -0.29503   -1.77311   -3.70525    0.13835   -0.40503    0.00355
   1.36500   -1.38994    0.36331  -12.13416    0.28624   -0.31382   -1.61930   -3.79794    0.13722   -0.42051    0.00425
   1.37000   -1.38824    0.31654  -11.99992    0.27854   -0.33304   -1.45754   -3.88239    0.13660   -0.43614    0.00494
   1.37500   -1.38678    0.26791  -11.85419    0.27167   -0.35267   -1.28905   -3.95850    0.13632   -0.45197    0.00564
   1.38000   -1.38556    0.21749  -11.69710    0.26566   -0.37266   -1.11558   -4.02642    0.13625   -0.46790    0.00632
   1.38500   -1.38460    0.16536  -11.52886    0.26052   -0.39297   -0.93931   -4.08615    0.13583   -0.48399    0.00701
   1.39000   -1.38391    0.11161  -11.34959    0.25626   -0.41356   -0.76413   -4.13792    0.13483   -0.50022    0.00769
   1.39500   -1.38349    0.05631  -11.15944    0.25287   -0.43438   -0.59449   -4.18204    0.13254   -0.51655    0.00837
   1.40000   -1.38335   -0.00043  -10.95857    0.25029   -0.45541   -0.43673   -4.21881    0.12826   -0.53290    0.00905
   1.40500   -1.38350   -0.05854  -10.74712    0.24845   -0.47661   -0.29910   -4.24827    0.12078   -0.54915    0.00971
   1.41000   -1.38394   -0.11793  -10.52542    0.24723   -0.49793   -0.19303   -4.27023    0.10862   -0.56543    0.01037
   1.41500   -1.38468   -0.17851  -10.29359    0.24641   -0.51935   -0.13375   -4.28505    0.09009   -0.58174    0.01103
   1.42000   -1.38572   -0.24021  -10.05179    0.24572   -0.54082   -0.14065   -4.29320    0.08050   -0.59776    0.01167
   1.42500   -1.38708   -0.30296   -9.80032    0.24492   -0.56231   -0.17939   -4.29413    0.08028   -0.61378    0.01232
   1.43000   -1.38876   -0.36671   -9.53917    0.24393   -0.58379   -0.21617   -4.28846    0.07895   -0.62956    0.01295
   1.43500   -1.39075   -0.43139   -9.26863    0.24275   -0.60523   -0.25489   -4.27604    0.07829   -0.64519    0.01358
   1.44000   -1.39307   -0.49694   -8.98885    0.24138   -0.62659   -0.29313   -4.25716    0.07708   -0.66059    0.01420
   1.44500   -1.39572   -0.56328   -8.70005    0.23982   -0.64784   -0.33282   -4.23197    0.07641   -0.67575    0.01481
   1.45000   -1.39871   -0.63035   -8.40242    0.23805   -0.66894   -0.37198   -4.20068    0.07522   -0.69053    0.01541
   1.45500   -1.40203   -0.69807   -8.09623    0.23609   -0.68988   -0.41246   -4.16315    0.07455   -0.70503    0.01600
   1.46000   -1.40569   -0.76636   -7.78173    0.23393   -0.71061   -0.45236   -4.11967    0.07339   -0.71916    0.01658
   1.46500   -1.40969   -0.83514   -7.45915    0.23156   -0.73110   -0.49344   -4.07037    0.07273   -0.73292    0.01715
   1.47000   -1.41404   -0.90432   -7.12876    0.22899   -0.75134   -0.53390   -4.01545    0.07159   -0.74625    0.01771
   1.47500   -1.41873   -0.97381   -6.79083    0.22622   -0.77129   -0.57539   -3.95502    0.07094   -0.75913    0.01825
   1.48000   -1.42378   -1.04354   -6.44564    0.22324   -0.79092   -0.61618   -3.88927    0.06984   -0.77152    0.01879
   1.48500   -1.42917   -1.11339   -6.09350    0.22005   -0.81021   -0.65786   -3.81829    0.06921   -0.78341    0.01930
   1.49000   -1.43491   -1.18329   -5.73471    0.21666   -0.82913   -0.69878   -3.74227    0.06815   -0.79474    0.01981
   1.49500   -1.44100   -1.25312   -5.36953    0.21306   -0.84766   -0.74043   -3.66131    0.06754   -0.80554    0.02030
   1.50000   -1.44744   -1.32280   -4.99837    0.20925   -0.86577   -0.78124   -3.57570    0.06653   -0.81571    0.02077
   1.50500   -1.45423   -1.39221   -4.62150    0.20524   -0.88344   -0.82262   -3.48544    0.06595   -0.82532    0.02123
   1.51000   -1.46136   -1.46126   -4.23928    0.20103   -0.90064   -0.86308   -3.39088    0.06500   -0.83418    0.02168
   1.51500   -1.46884   -1.52983   -3.85204    0.19661   -0.91736   -0.90395   -3.29186    0.06446   -0.84247    0.02211
   1.52000   -1.47666   -1.59783   -3.46013    0.19199   -0.93358   -0.94380   -3.18885    0.06356   -0.85001    0.02251
   1.52500   -1.48482   -1.66514   -3.06395    0.18717   -0.94927   -0.98391   -3.08178    0.06307   -0.85693    0.02292
   1.53000   -1.49331   -1.73166   -2.66360    0.18215   -0.96441   -1.02291   -2.97114    0.06224   -0.86301    0.02329
   1.53500   -1.50213   -1.79727   -2.25983    0.17694   -0.97899   -1.06200   -2.85671    0.06179   -0.86841    0.02365
   1.54000   -1.51128   -1.86186   -1.85283    0.17153   -0.99299   -1.09987   -2.73890    0.06103   -0.87299    0.02398
   1.54500   -1.52075   -1.92533   -1.44310    0.16594   -1.00639   -1.13768   -2.61766    0.06065   -0.87686    0.02430
   1.55000   -1.53053   -1.98756   -1.03096    0.16015   -1.01917   -1.17417   -2.49341    0.05996   -0.87988    0.02460
   1.55500   -1.54062   -2.04843   -0.61684    0.15419   -1.03132   -1.21044   -2.36611    0.05964   -0.88215    0.02488
   1.56000   -1.55102   -2.10785   -0.20108    0.14805   -1.04283   -1.24528   -2.23611    0.05903   -0.88356    0.02514
   1.56500   -1.56170   -2.16569    0.21591    0.14174   -1.05368   -1.27974   -2.10344    0.05878   -0.88416    0.02538
   1.57000   -1.57267   -2.22185    0.63370    0.13526   -1.06387   -1.31268   -1.96829    0.05826   -0.88394    0.02557
   1.57500   -1.58392   -2.27622    1.05147    0.12861   -1.07336   -1.34507   -1.83087    0.05807   -0.88283    0.02580
   1.58000   -1.59543   -2.32869    1.46969    0.12181   -1.08217   -1.37584   -1.69115    0.05765   -0.88120    0.02595
   1.58500   -1.60720   -2.37916    1.88711    0.11485   -1.09027   -1.40592   -1.55040    0.05754   -0.87841    0.02611
   1.59000   -1.61922   -2.42752    2.30384    0.10775   -1.09766   -1.43427   -1.40760    0.05720   -0.87473    0.02628
   1.59500   -1.63147   -2.47367    2.71982    0.10051   -1.10433   -1.46178   -1.26281    0.05718   -0.87022    0.02637
   1.60000   -1.64395   -2.51752    3.13393    0.09314   -1.11027   -1.48748   -1.11620    0.05694   -0.86520    0.02646
   1.60500   -1.65664   -2.55895    3.54596    0.08564   -1.11548   -1.51220   -0.96908    0.05700   -0.85876    0.02643
   1.61000   -1.66954   -2.59788    3.95414    0.07802   -1.11994   -1.53500   -0.81956    0.05685   -0.85190    0.02661
   1.61500   -1.68262   -2.63424    4.36137    0.07029   -1.12365   -1.55671   -0.66925    0.05717   -0.84412    0.02663
   1.62000   -1.69587   -2.66791    4.76536    0.06246   -1.12661   -1.57583   -0.51795    0.05646   -0.83561    0.02663
   1.62500   -1.70929   -2.69882    5.16565    0.05453   -1.12880   -1.59603   -0.36611    0.05784   -0.82630    0.02666
   1.63000   -1.72286   -2.72689    5.56265    0.04651   -1.13024   -1.61018   -0.21387    0.05661   -0.81121    0.02703
   1.63500   -1.73656   -2.75210    5.96114    0.03841   -1.13087   -1.62748   -0.04454    0.05819   -0.80745    0.02651
   1.64000   -1.75037   -2.77425    6.34837    0.03025   -1.13072   -1.63825    0.09958    0.05874   -0.79500    0.02643
   1.64500   -1.76429   -2.79333    6.73051    0.02204   -1.12983   -1.64644    0.24693    0.05624   -0.78863    0.02735
   1.65000   -1.77830   -2.80941    7.12196    0.01376   -1.12826   -1.66253    0.37436    0.05762   -0.77110    0.02720
   1.65500   -1.79238   -2.82231    7.50713    0.00543   -1.12601   -1.67280    0.51859    0.06169   -0.75455    0.02535
   1.66000   -1.80652   -2.83178    7.86166   -0.00293   -1.12301   -1.66862    0.67283    0.05939   -0.74195    0.02586
   1.66500   -1.82069   -2.83804    8.21946   -0.01128   -1.11926   -1.67251    0.82060    0.05444   -0.73164    0.02542
   1.67000   -1.83489   -2.84096    8.56693   -0.01969   -1.11480   -1.69284    0.95234    0.06881   -0.69512    0.02466
   1.67500   -1.84910   -2.84044    8.89928   -0.02808   -1.10951   -1.66322    1.15535    0.05424   -0.70512    0.02520
   1.68000   -1.86329   -2.83661    9.23532   -0.03645   -1.10343   -1.68490    1.26508    0.06525   -0.68192    0.02411
   1.68500   -1.87746   -2.82925    9.55150   -0.04484   -1.09675   -1.66788    1.39824    0.05879   -0.66327    0.02406
   1.69000   -1.89158   -2.81847    9.86281   -0.05319   -1.08939   -1.67384    1.53603    0.06768   -0.64223    0.02461
   1.69500   -1.90564   -2.80433   10.17799   -0.06150   -1.08131   -1.64936    1.68434    0.06547   -0.63216    0.02390
   1.70000   -1.91962   -2.78665   10.47876   -0.06971   -1.07256   -1.63411    1.80357    0.05708   -0.59730    0.01963
   1.70500   -1.93350   -2.76502   10.71399   -0.07791   -1.06308   -1.64831    1.97776    0.06810   -0.59841    0.01819
   1.71000   -1.94726   -2.73976   10.92455   -0.08609   -1.05291   -1.62425    2.07986    0.07108   -0.55165    0.01878
   1.71500   -1.96089   -2.71113   11.13977   -0.09413   -1.04199   -1.59175    2.27488    0.05981   -0.56805    0.02265
   1.72000   -1.97437   -2.67953   11.40674   -0.10211   -1.03042   -1.59959    2.34151    0.08406   -0.50857    0.01912
   1.72500   -1.98768   -2.64407   11.61883   -0.10992   -1.01818   -1.52504    2.54361    0.05306   -0.52938    0.02154
   1.73000   -2.00080   -2.60549   11.86189   -0.11763   -1.00529   -1.56047    2.59928    0.07403   -0.52793    0.02250
   1.73500   -2.01373   -2.56365   12.11481   -0.12534   -0.99228   -1.52259    2.59347    0.07259   -0.49038    0.02087
   1.74000   -2.02643   -2.51832   12.34052   -0.13288   -0.97914   -1.49208    2.65282    0.08104   -0.47072    0.02039
   1.74500   -2.03890   -2.46966   12.55556   -0.14019   -0.96570   -1.43519    2.71259    0.12520   -0.44030    0.02010
   1.75000   -2.05112   -2.41776   12.76268   -0.14686   -0.95186   -1.23388    2.80890    0.12747   -0.43611    0.02110
   1.75500   -2.06308   -2.36277   12.98055   -0.15254   -0.93769   -1.04125    2.85044    0.13805   -0.41216    0.01881
   1.76000   -2.07475   -2.30433   13.16186   -0.15721   -0.92326   -0.83063    2.90782    0.15554   -0.39052    0.01781
   1.76500   -2.08611   -2.24260   13.32509   -0.16073   -0.90853   -0.58217    2.97229    0.18934   -0.36936    0.01845
   1.77000   -2.09717   -2.17779   13.49409   -0.16279   -0.89347   -0.24612    3.04180    0.17494   -0.35785    0.01725
   1.77500   -2.10789   -2.10969   13.64231   -0.16338   -0.87813    0.00553    3.08356    0.21076   -0.32350    0.01666
   1.78000   -2.11826   -2.03837   13.77848   -0.16248   -0.86245    0.34514    3.17678    0.19633   -0.32654    0.01608
   1.78500   -2.12827   -1.96384   13.90289   -0.16012   -0.84650    0.59381    3.19185    0.20997   -0.30476    0.01538
   1.79000   -2.13789   -1.88611   14.01383   -0.15649   -0.83045    0.84974    3.21857    0.23128   -0.28031    0.01503
   1.79500   -2.14712   -1.80525   14.11648   -0.15151   -0.81421    1.13562    3.26590    0.23383   -0.27349    0.01402
   1.80000   -2.15594   -1.72120   14.20122   -0.14519   -0.79784    1.38322    3.27351    0.25638   -0.25899    0.01422
   1.80500   -2.16433   -1.63416   14.28572   -0.13756   -0.78145    1.65995    3.27109    0.29664   -0.23857    0.01457
   1.81000   -2.17228   -1.54418   14.37206   -0.12834   -0.76505    2.02048    3.28043    0.26943   -0.23950    0.01227
   1.81500   -2.17976   -1.45096   14.42222   -0.11769   -0.74875    2.22786    3.22988    0.28315   -0.22414    0.01151
   1.82000   -2.18678   -1.35475   14.45832   -0.10603   -0.73270    2.42842    3.18027    0.29996   -0.21188    0.01080
   1.82500   -2.19331   -1.25563   14.48130   -0.09336   -0.71692    2.63099    3.12292    0.31696   -0.19823    0.01014
   1.83000   -2.19933   -1.15369   14.49208   -0.07967   -0.70143    2.83399    3.06495    0.33348   -0.18791    0.00928
   1.83500   -2.20484   -1.04897   14.48776   -0.06497   -0.68626    3.03371    2.99711    0.35023   -0.17651    0.00875
   1.84000   -2.20982   -0.94160   14.47327   -0.04929   -0.67143    3.22907    2.92575    0.36728   -0.16517    0.00781
   1.84500   -2.21425   -0.83161   14.44282   -0.03264   -0.65697    3.41937    2.85293    0.38438   -0.15948    0.00726
   1.85000   -2.21813   -0.71914   14.40210   -0.01506   -0.64292    3.60320    2.76181    0.40181   -0.15280    0.00655
   1.85500   -2.22144   -0.60425   14.34890    0.00343   -0.62935    3.78020    2.65925    0.41888   -0.14590    0.00578
   1.86000   -2.22417   -0.48703   14.28250    0.02278   -0.61632    3.94782    2.54916    0.43655   -0.13990    0.00510
   1.86500   -2.22630   -0.36760   14.20424    0.04295   -0.60386    4.10701    2.43148    0.45474   -0.13555    0.00423
   1.87000   -2.22784   -0.24604   14.11168    0.06389   -0.59201    4.25852    2.30374    0.47201   -0.13151    0.00354
   1.87500   -2.22876   -0.12249   14.00743    0.08556   -0.58082    4.39831    2.16822    0.48978   -0.12853    0.00288
   1.88000   -2.22906    0.00294   13.89220    0.10791   -0.57033    4.52746    2.02463    0.50736   -0.12636    0.00214
   1.88500   -2.22873    0.13013   13.76482    0.13087   -0.56058    4.64491    1.87356    0.52462   -0.12478    0.00136
   1.89000   -2.22776    0.25896   13.62504    0.15438   -0.55160    4.74931    1.71640    0.54158   -0.12338    0.00061
   1.89500   -2.22614    0.38929   13.47337    0.17839   -0.54342    4.83967    1.55587    0.55757   -0.12202   -0.00019
   1.90000   -2.22386    0.52099   13.30926    0.20280   -0.53604    4.91308    1.39501    0.57243   -0.12038   -0.00093
   1.90500   -2.22092    0.65390   13.13374    0.22753   -0.52946    4.96644    1.23771    0.58610   -0.11777   -0.00170
   1.91000   -2.21732    0.78787   12.94658    0.25247   -0.52364    4.99702    1.08984    0.59780   -0.11333   -0.00242
   1.91500   -2.21304    0.92274   12.74867    0.27749   -0.51851    5.00000    0.95969    0.61605   -0.10674   -0.00325
   1.92000   -2.20809    1.05836   12.53860    0.30251   -0.51398    5.00000    0.85577    0.63492   -0.09553   -0.00390
   1.92500   -2.20246    1.19455   12.31916    0.32754   -0.50985    5.00000    0.79403    0.65357   -0.07866   -0.00464
   1.93000   -2.19615    1.33116   12.08921    0.35257   -0.50589    5.00000    0.79232    0.67199   -0.05779   -0.00535
   1.93500   -2.18915    1.46806   11.84928    0.37759   -0.50175    5.00000    0.86093    0.69018   -0.05003   -0.00611
   1.94000   -2.18146    1.60512   11.59894    0.40262   -0.49722    5.00000    0.95099    0.70812   -0.05174   -0.00683
   1.94500   -2.17310    1.74222   11.33877    0.42765   -0.49227    5.00000    1.02904    0.72581   -0.04927   -0.00757
   1.95000   -2.16404    1.87923   11.06870    0.45267   -0.48692    5.00000    1.10997    0.74325   -0.04762   -0.00833
   1.95500   -2.15430    2.01604   10.78862    0.47770   -0.48116    5.00000    1.19085    0.76042   -0.04604   -0.00902
   1.96000   -2.14388    2.15249   10.49970    0.50272   -0.47501    5.00000    1.27145    0.77732   -0.04445   -0.00973
   1.96500   -2.13278    2.28846   10.20168    0.52775   -0.46844    5.00000    1.35184    0.79395   -0.04292   -0.01041
   1.97000   -2.12100    2.42381    9.89532    0.55277   -0.46148    5.00000    1.43180    0.81031   -0.04139   -0.01109
   1.97500   -2.10854    2.55842    9.58063    0.57779   -0.45412    5.00000    1.51138    0.82638   -0.03992   -0.01176
   1.98000   -2.09542    2.69214    9.25793    0.60282   -0.44637    5.00000    1.59038    0.84217   -0.03846   -0.01243
   1.98500   -2.08162    2.82483    8.92753    0.62784   -0.43822    5.00000    1.66883    0.85768   -0.03707   -0.01306
   1.99000   -2.06717    2.95636    8.58998    0.65286   -0.42967    5.00000    1.74653    0.87289   -0.03568   -0.01370
   1.99500   -2.05206    3.08657    8.24537    0.67789   -0.42075    5.00000    1.82351    0.88782   -0.03437   -0.01435
   2.00000   -2.03631    3.21533    7.89366    0.70291   -0.41144    5.00000    1.89958    0.90245   -0.03306   -0.01497
   2.00500   -2.01991    3.34250    7.53552    0.72793   -0.40175    5.00000    1.97477    0.91182   -0.03184   -0.01557
   2.01000   -2.00288    3.46793    7.17126    0.75291   -0.39169    4.98328    2.04887    0.91811   -0.03063   -0.01614
   2.01500   -1.98524    3.59147    6.80166    0.77774   -0.38126    4.94188    2.12192    0.92362   -0.02950   -0.01682
   2.02000   -1.96697    3.71297    6.42523    0.80230   -0.37047    4.87653    2.19370    0.93184   -0.02839   -0.01728
   2.02500   -1.94811    3.83225    6.04522    0.82651   -0.35932    4.80005    2.26423    0.93755   -0.02737   -0.01801
   2.03000   -1.92865    3.94916    5.65802    0.85029   -0.34782    4.70701    2.33330    0.94288   -0.02638   -0.01847
   2.03500   -1.90862    4.06352    5.26772    0.87357   -0.33599    4.59975    2.40092    0.94895   -0.02548   -0.01906
   2.04000   -1.88802    4.17515    4.87250    0.89629   -0.32382    4.48449    2.46688    0.95260   -0.02462   -0.01952
   2.04500   -1.86688    4.28386    4.47456    0.91840   -0.31132    4.35649    2.53116    0.95705   -0.02385   -0.02001
   2.05000   -1.84519    4.38949    4.07358    0.93986   -0.29851    4.22241    2.59357    0.96035   -0.02313   -0.02042
   2.05500   -1.82299    4.49185    3.67092    0.96063   -0.28538    4.08194    2.65410    0.96386   -0.02250   -0.02091
   2.06000   -1.80028    4.59076    3.26559    0.98069   -0.27197    3.93950    2.71255    0.96597   -0.02192   -0.02131
   2.06500   -1.77708    4.68605    2.85912    1.00002   -0.25826    3.79381    2.76890    0.96868   -0.02144   -0.02173
   2.07000   -1.75342    4.77755    2.45135    1.01864   -0.24428    3.65038    2.82297    0.97072   -0.02101   -0.02201
   2.07500   -1.72932    4.86509    2.04437    1.03654   -0.23003    3.51007    2.87474    0.97376   -0.02067   -0.02239
   2.08000   -1.70478    4.94850    1.63697    1.05376   -0.21553    3.37921    2.92403    0.97721   -0.02144   -0.02275
   2.08500   -1.67984    5.02766    1.22958    1.07036   -0.20081    3.26147    2.96733    0.98246   -0.01719   -0.02302
   2.09000   -1.65451    5.10240    0.82372    1.08643   -0.18583    3.16475    3.02196    0.98950   -0.02773   -0.02321
   2.09500   -1.62882    5.17260    0.42061    1.10208   -0.17068    3.09594    3.03724    0.99710   -0.05343   -0.02348
   2.10000   -1.60279    5.23816    0.01913    1.11746   -0.15568    3.05681    2.96518    1.00536   -0.06608   -0.02372
   2.10500   -1.57645    5.29895   -0.38011    1.13272   -0.14113    3.04885    2.85708    1.01868   -0.06559   -0.02393
   2.11000   -1.54981    5.35488   -0.77658    1.14806   -0.12709    3.08762    2.76145    1.08921    0.27479   -0.02015
   2.11500   -1.52291    5.40545   -1.11287    1.16420   -0.11059    3.36223    3.82319    0.97837   -0.13821   -0.03481
   2.12000   -1.49576    5.45303   -1.65471    1.18070   -0.09251    3.24213    3.41329    1.00758   -0.07167   -0.03509
   2.12500   -1.46839    5.49579   -2.19455    1.19688   -0.07585    3.22828    3.25355    1.00848   -0.02433   -0.03526
   2.13000   -1.44081    5.53364   -2.73068    1.21300   -0.05955    3.21872    3.26420    0.99150   -0.01905   -0.03527
   2.13500   -1.41306    5.56651   -3.26081    1.22892   -0.04316    3.15357    3.29196    0.97690   -0.02236   -0.03538
   2.14000   -1.38515    5.59439   -3.78634    1.24442   -0.02666    3.04606    3.30662    0.96479   -0.02287   -0.03556
   2.14500   -1.35712    5.61725   -4.30816    1.25930   -0.01010    2.90961    3.31852    0.95183   -0.02241   -0.03528
   2.15000   -1.32899    5.63499   -4.81972    1.27343    0.00652    2.74582    3.33116    0.94720   -0.02435   -0.03692
   2.15500   -1.30078    5.64781   -5.34864    1.28676    0.02319    2.58751    3.33639    0.93552   -0.02425   -0.03602
   2.16000   -1.27252    5.65537   -5.85840    1.29925    0.03989    2.41331    3.34157    0.91723   -0.02452   -0.03517
   2.16500   -1.24423    5.65765   -6.34954    1.31078    0.05660    2.20502    3.34550    0.91336   -0.02733   -0.03465
   2.17000   -1.21595    5.65468   -6.82688    1.32132    0.07332    2.01697    3.33964    0.89315   -0.02731   -0.03553
   2.17500   -1.18770    5.64661   -7.31065    1.33083    0.09000    1.79585    3.33430    0.88779   -0.02524   -0.03602
   2.18000   -1.15949    5.63338   -7.79528    1.33930    0.10668    1.59738    3.33631    0.86307   -0.03324   -0.03521
   2.18500   -1.13137    5.61486   -8.26199    1.34667    0.12330    1.35796    3.31115    0.86064   -0.02630   -0.03605
   2.19000   -1.10335    5.59123   -8.73449    1.35294    0.13985    1.15909    3.31118    0.83602   -0.03542   -0.03507
   2.19500   -1.07547    5.56230   -9.18662    1.35813    0.15633    0.92623    3.28042    0.83218   -0.02898   -0.03348
   2.20000   -1.04774    5.52803   -9.60980    1.36226    0.17272    0.73505    3.27354    0.81649   -0.03830   -0.03518
   2.20500   -1.02020    5.48885  -10.05136    1.36544    0.18899    0.54540    3.23568    0.80375   -0.03153   -0.03279
   2.21000   -0.99286    5.44433  -10.45245    1.36770    0.20513    0.36966    3.22334    0.77320   -0.03912   -0.03065
   2.21500   -0.96576    5.39454  -10.81691    1.36897    0.22116    0.14922    3.18621    0.74802   -0.03791   -0.03247
   2.22000   -0.93892    5.34004  -11.20185    1.36909    0.23701   -0.09193    3.15573    0.74991   -0.03918   -0.03300
   2.22500   -0.91237    5.28072  -11.58860    1.36818    0.25271   -0.25815    3.12311    0.73125   -0.04274   -0.03144
   2.23000   -0.88612    5.21641  -11.94735    1.36645    0.26822   -0.42196    3.08071    0.70985   -0.04216   -0.03240
   2.23500   -0.86021    5.14750  -12.31441    1.36389    0.28352   -0.59102    3.04324    0.69605   -0.04533   -0.03253
   2.24000   -0.83466    5.07399  -12.67790    1.36054    0.29863   -0.73762    2.99765    0.66082   -0.04548   -0.03057
   2.24500   -0.80948    4.99572  -13.00784    1.35633    0.31350   -0.93416    2.95473    0.64653   -0.04937   -0.03234
   2.25000   -0.78471    4.91325  -13.35806    1.35120    0.32814   -1.10470    2.90164    0.62974   -0.04979   -0.03106
   2.25500   -0.76036    4.82630  -13.68486    1.34526    0.34252   -1.25793    2.85086    0.60559   -0.04974   -0.03096
   2.26000   -0.73645    4.73512  -14.00517    1.33854    0.35666   -1.41859    2.80376    0.58919   -0.05649   -0.03021
   2.26500   -0.71301    4.63975  -14.30989    1.33106    0.37051   -1.55886    2.73713    0.55900   -0.05256   -0.02973
   2.27000   -0.69006    4.54034  -14.60305    1.32282    0.38407   -1.72572    2.68844    0.55249   -0.06253   -0.02817
   2.27500   -0.66762    4.43686  -14.86922    1.31388    0.39731   -1.83644    2.60947    0.52228   -0.10247   -0.02723
   2.28000   -0.64570    4.32950  -15.11763    1.30432    0.40984   -1.97433    2.40164    0.49952   -0.11098   -0.02840
   2.28500   -0.62433    4.21861  -15.37860    1.29407    0.42129   -2.11184    2.18150    0.48353   -0.13724   -0.02779
   2.29000   -0.60352    4.10404  -15.62664    1.28319    0.43146   -2.22561    1.89196    0.46333   -0.15795   -0.02643
   2.29500   -0.58329    3.98577  -15.85102    1.27177    0.44007   -2.33126    1.55920    0.43884   -0.16025   -0.02614
   2.30000   -0.56367    3.86400  -16.06731    1.25980    0.44708   -2.44377    1.25136    0.43524   -0.18638   -0.02616
   2.30500   -0.54466    3.73882  -16.27988    1.24743    0.45242   -2.49227    0.88938    0.40530   -0.19662   -0.02485
   2.31000   -0.52628    3.61012  -16.46985    1.23474    0.45596   -2.57075    0.53403    0.38165   -0.20958   -0.02482
   2.31500   -0.50856    3.47813  -16.65566    1.22164    0.45772   -2.65641    0.17913    0.36720   -0.21533   -0.02483
   2.32000   -0.49151    3.34288  -16.83794    1.20817    0.45778   -2.71819   -0.14765    0.33870   -0.24491   -0.02384
   2.32500   -0.47514    3.20432  -17.00235    1.19433    0.45608   -2.80584   -0.52537    0.32949   -0.25303   -0.02321
   2.33000   -0.45947    3.06253  -17.15424    1.18015    0.45255   -2.85301   -0.87447    0.31336   -0.25758   -0.02225
   2.33500   -0.44452    2.91752  -17.28888    1.16578    0.44739   -2.88683   -1.18152    0.28720   -0.28478   -0.02166
   2.34000   -0.43030    2.76938  -17.41167    1.15117    0.44060   -2.94320   -1.52272    0.24795   -0.29918   -0.02028
   2.34500   -0.41683    2.61807  -17.51134    1.13612    0.43214   -3.06551   -1.84923    0.26333   -0.32684   -0.02100
   2.35000   -0.40412    2.46387  -17.61816    1.12077    0.42198   -3.06538   -2.20347    0.25188   -0.33193   -0.02003
   2.35500   -0.39220    2.30661  -17.70788    1.10547    0.41018   -3.04327   -2.50388    0.24316   -0.35368   -0.01904
   2.36000   -0.38106    2.14636  -17.78020    1.09035    0.39687   -2.99354   -2.80730    0.21226   -0.36311   -0.01580
   2.36500   -0.37074    1.98290  -17.80301    1.07536    0.38215   -2.99509   -3.06898    0.19345   -0.38327   -0.01763
   2.37000   -0.36124    1.81689  -17.84922    1.06033    0.36613   -3.00532   -3.32538    0.20368   -0.43373   -0.01846
   2.37500   -0.35257    1.64827  -17.90456    1.04548    0.34859   -2.92743   -3.67630    0.18372   -0.42718   -0.01696
   2.38000   -0.34476    1.47681  -17.93553    1.03096    0.32957   -2.87181   -3.91947    0.16900   -0.44607   -0.01553
   2.38500   -0.33781    1.30257  -17.94329    1.01671    0.30937   -2.82163   -4.14557    0.15819   -0.46540   -0.01496
   2.39000   -0.33174    1.12572  -17.94032    1.00273    0.28809   -2.76563   -4.35502    0.15401   -0.48741   -0.01370
   2.39500   -0.32656    0.94625  -17.91678    0.98909    0.26577   -2.68420   -4.55597    0.14164   -0.50021   -0.01349
   2.40000   -0.32228    0.76435  -17.88777    0.97584    0.24256   -2.60928   -4.71605    0.13862   -0.51910   -0.01318
   2.40500   -0.31892    0.58009  -17.85210    0.96302    0.21859   -2.51149   -4.85723    0.12492   -0.53055   -0.01261
   2.41000   -0.31648    0.39353  -17.80617    0.95065    0.19402   -2.43111   -4.95466    0.12971   -0.53877   -0.01030
   2.41500   -0.31499    0.20457  -17.72491    0.93880    0.16910   -2.30726   -5.00000    0.12510   -0.54784   -0.01009
   2.42000   -0.31444    0.01357  -17.63874    0.92758    0.14407   -2.17763   -5.00000    0.11688   -0.56916   -0.00905
   2.42500   -0.31486   -0.17943  -17.53591    0.91698    0.11904   -2.05787   -5.00000    0.11737   -0.59017   -0.00837
   2.43000   -0.31624   -0.37425  -17.42191    0.90703    0.09401   -1.92097   -5.00000    0.11744   -0.61086   -0.00832
   2.43500   -0.31860   -0.57067  -17.30573    0.89779    0.06898   -1.77263   -5.00000    0.11375   -0.63122   -0.00714
   2.44000   -0.32195   -0.76868  -17.17141    0.88928    0.04395   -1.62960   -5.00000    0.10909   -0.65122   -0.00668
   2.44500   -0.32629   -0.96805  -17.02948    0.88146    0.01892   -1.49797   -5.00000    0.10765   -0.67085   -0.00549
   2.45000   -0.33163   -1.16870  -16.86969    0.87429   -0.00610   -1.36915   -5.00000    0.10206   -0.69010   -0.00510
   2.45500   -0.33798   -1.37041  -16.70357    0.86772   -0.03113   -1.25993   -5.00000    0.09407   -0.70895   -0.00431
   2.46000   -0.34534   -1.57305  -16.52553    0.86162   -0.05616   -1.17978   -5.00000    0.08095   -0.72738   -0.00358
   2.46500   -0.35371   -1.77649  -16.33671    0.85581   -0.08119   -1.14634   -5.00000    0.06245   -0.74539   -0.00285
   2.47000   -0.36310   -1.98057  -16.13733    0.85000   -0.10621   -1.17638   -5.00000    0.03880   -0.76296   -0.00202
   2.47500   -0.37352   -2.18518  -15.92593    0.84385   -0.13124   -1.28388   -5.00000    0.02961   -0.78008   -0.00122
   2.48000   -0.38496   -2.39019  -15.70328    0.83710   -0.15626   -1.41494   -5.00000    0.03079   -0.79673   -0.00044
   2.48500   -0.39742   -2.59548  -15.46964    0.82972   -0.18129   -1.53292   -5.00000    0.02732   -0.81292    0.00034
   2.49000   -0.41091   -2.80092  -15.22523    0.82175   -0.20631   -1.65441   -5.00000    0.02486   -0.82862    0.00116
   2.49500   -0.42543   -3.00638  -14.96970    0.81317   -0.23133   -1.77574   -5.00000    0.02234   -0.84384    0.00194
   2.50000   -0.44097   -3.21171  -14.70372    0.80398   -0.25635   -1.89716   -5.00000    0.01994   -0.85855    0.00267
   2.50500   -0.45755   -3.41676  -14.42818    0.79419   -0.28137   -2.01826   -5.00000    0.01748   -0.87276    0.00365
   2.51000   -0.47514   -3.62139  -14.13964    0.78380   -0.30639   -2.13926   -5.00000    0.01513   -0.88645    0.00445
   2.51500   -0.49376   -3.82541  -13.84100    0.77279   -0.33141   -2.25976   -5.00000    0.01275   -0.89962    0.00524
   2.52000   -0.51339   -4.02866  -13.53248    0.76119   -0.35643   -2.37994   -5.00000    0.01049   -0.91227    0.00603
   2.52500   -0.53404   -4.23094  -13.21437    0.74899   -0.38145   -2.49941   -5.00000    0.00819   -0.92439    0.00684
   2.53000   -0.55570   -4.43206  -12.88660    0.73619   -0.40647   -2.61834   -5.00000    0.00602   -0.93598    0.00763
   2.53500   -0.57836   -4.63183  -12.54953    0.72280   -0.43148   -2.73633   -5.00000    0.00383   -0.94703    0.00834
   2.54000   -0.60202   -4.83002  -12.20474    0.70882   -0.45650   -2.85352   -5.00000    0.00177   -0.95754    0.00910
   2.54500   -0.62666   -5.02641  -11.85160    0.69426   -0.48152   -2.96953   -5.00000   -0.00030   -0.96752    0.00993
   2.55000   -0.65228   -5.22081  -11.48948    0.67912   -0.50653   -3.08448   -5.00000   -0.00224   -0.97696    0.01067
   2.55500   -0.67886   -5.41294  -11.11982    0.66341   -0.53154   -3.19798   -5.00000   -0.00417   -0.98586    0.01144
   2.56000   -0.70640   -5.60259  -10.74241    0.64714   -0.55656   -3.31012   -5.00000   -0.00597   -0.99424    0.01221
   2.56500   -0.73489   -5.78951  -10.35769    0.63031   -0.58157   -3.42054   -5.00000   -0.00775   -1.00208    0.01294
   2.57000   -0.76429   -5.97342   -9.96629    0.61293   -0.60658   -3.52930   -5.00000   -0.00938   -1.00940    0.01367
   2.57500   -0.79461   -6.15408   -9.56862    0.59502   -0.63159   -3.63602   -5.00000   -0.01099   -1.01621    0.01433
   2.58000   -0.82583   -6.33122   -9.16601    0.57657   -0.65660   -3.74077   -5.00000   -0.01245   -1.02250    0.01502
   2.58500   -0.85792   -6.50456   -8.75822    0.55761   -0.68161   -3.84317   -5.00000   -0.01388   -1.02830    0.01570
   2.59000   -0.89087   -6.67383   -8.34573    0.53814   -0.70662   -3.94328   -5.00000   -0.01515   -1.03360    0.01636
   2.59500   -0.92465   -6.83877   -7.92901    0.51818   -0.73162   -4.04072   -5.00000   -0.01638   -1.03842    0.01701
   2.60000   -0.95925   -6.99909   -7.50860    0.49773   -0.75663   -4.13554   -5.00000   -0.01744   -1.04277    0.01763
   2.60500   -0.99463   -7.15453   -7.08511    0.47682   -0.78164   -4.22737   -5.00000   -0.01846   -1.04666    0.01823
   2.61000   -1.03078   -7.30482   -6.65909    0.45546   -0.80664   -4.31625   -5.00000   -0.01931   -1.05010    0.01882
   2.61500   -1.06767   -7.44968   -6.23100    0.43366   -0.83165   -4.40184   -5.00000   -0.02010   -1.04702    0.01940
   2.62000   -1.10527   -7.58885   -5.80137    0.41145   -0.85660   -4.48415   -4.97948   -0.02073   -1.03920    0.01994
   2.62500   -1.14355   -7.72207   -5.37083    0.38883   -0.88136   -4.56287   -4.92566   -0.02128   -1.03667    0.02045
   2.63000   -1.18248   -7.84908   -4.94027    0.36582   -0.90583   -4.63800   -4.86091   -0.02167   -1.03956    0.02093
   2.63500   -1.22203   -7.96962   -4.51025    0.34245   -0.93000   -4.70922   -4.80656   -0.02198   -1.04963    0.02141
   2.64000   -1.26217   -8.08344   -4.08107    0.31873   -0.95398   -4.77655   -4.78822   -0.02213   -1.06778    0.02184
   2.64500   -1.30286   -8.19033   -3.65362    0.29469   -0.97804   -4.83971   -4.83200   -0.02163   -1.07603    0.02224
   2.65000   -1.34406   -8.29011   -3.22842    0.27035   -1.00237   -4.89679   -4.90061   -0.02380   -1.07389    0.02264
   2.65500   -1.38574   -8.38262   -2.80583    0.24571   -1.02702   -4.95725   -4.95725   -0.01980   -1.07095    0.02299
   2.66000   -1.42787   -8.46772   -2.38660    0.22082   -1.05191   -5.00000   -5.00000   -0.00797   -1.05911    0.02344
   2.66500   -1.47041   -8.54529   -1.96939    0.19582   -1.07691   -5.00000   -5.00000   -0.00780   -1.05886    0.02400
   2.67000   -1.51331   -8.61522   -1.55276    0.17082   -1.10191   -5.00000   -5.00000   -0.00747   -1.05840    0.02449
   2.67500   -1.55655   -8.67738   -1.13778    0.14582   -1.12691   -5.00000   -5.00000   -0.00702   -1.05775    0.02498
   2.68000   -1.60007   -8.73171   -0.72454    0.12082   -1.15191   -5.00000   -5.00000   -0.00645   -1.05695    0.02553
   2.68500   -1.64385   -8.77815   -0.31227    0.09582   -1.17691   -5.00000   -5.00000   -0.00578   -1.05600    0.06138
   2.69000   -1.68785   -8.82088    0.60701    0.07082   -1.20190   -5.00000   -5.00000   -0.00502   -1.05493    0.06196
   2.69500   -1.73205   -8.85566    1.52452    0.04582   -1.22690   -5.00000   -5.00000   -0.00419   -1.05375    0.06203
   2.70000   -1.77640   -8.88244    2.43299    0.02082   -1.25190   -5.00000   -5.00000   -0.00329   -0.86567    0.09766
   2.70500   -1.82087   -8.90548    3.84420   -0.00417   -1.27531   -5.00000   -4.37158   -0.00236   -1.22186    0.08029
   2.71000   -1.86543   -8.91836    4.99428   -0.02917   -1.29875   -5.00000   -5.00000   -0.00139   -1.04664    0.08062
   2.71500   -1.91004   -8.92342    6.13870   -0.05417   -1.32375   -5.00000   -5.00000   -0.00041   -1.04527    0.08089
   2.72000   -1.95465   -8.92079    7.27678   -0.07917   -1.34875   -5.00000   -5.00000    0.00056   -1.04390    0.08119
   2.72500   -1.99924   -8.91060    8.40899   -0.10417   -1.37374   -5.00000   -5.00000    0.00151   -1.04257    0.08123
   2.73000   -2.04375   -8.89299    9.53183   -0.12917   -1.39874   -5.00000   -5.00000    0.00243   -1.04128    0.08154
   2.73500   -2.08815   -8.86817   10.64940   -0.15417   -1.42374   -5.00000   -5.00000    0.00329   -1.04008    0.08171
   2.74000   -2.13242   -8.83632   11.75998   -0.17917   -1.44874   -5.00000   -5.00000    0.00409   -1.03897    0.08124
   2.74500   -2.17650   -8.79759   12.85449   -0.20416   -1.47374   -5.00000   -5.00000    0.00480   -1.03797    0.08099
   2.75000   -2.22038   -8.75224   13.93635   -0.22916   -1.49874   -5.00000   -5.00000    0.00542   -1.03711    0.08142
   2.75500   -2.26402   -8.70061   15.01571   -0.25416   -1.52373   -5.00000   -5.00000    0.00592   -1.03640    0.08202
   2.76000   -2.30738   -8.64300   16.09532   -0.27916   -1.54873   -5.00000   -5.00000    0.00631   -1.03586    0.08207
   2.76500   -2.35044   -8.57961   17.16738   -0.30416   -1.57373   -5.00000   -5.00000    0.00656   -1.03551    0.08142
   2.77000   -2.39317   -8.51067   18.22235   -0.32916   -1.59873   -5.00000   -5.00000    0.00666   -1.03537    0.08163
   2.77500   -2.43554   -8.43659   19.27270   -0.35416   -1.62373   -5.00000   -5.00000    0.00660   -1.03545    0.08135
   2.78000   -2.47752   -8.35761   20.31199   -0.37916   -1.64873   -5.00000   -5.00000    0.00638   -1.03542    0.08217
   2.78500   -2.51910   -8.27419   21.35610   -0.40416   -1.67373   -5.00000   -4.99888    0.00598   -1.00423    0.08139
   2.79000   -2.56026   -8.18646   22.38247   -0.42916   -1.69845   -5.00000   -4.89102    0.00539   -0.97556    0.08159
   2.79500   -2.60096   -8.09482   23.40558   -0.45416   -1.72241   -5.00000   -4.69331    0.00461   -1.02074    0.08106
   2.80000   -2.64120   -7.99947   24.41513   -0.47916   -1.74580   -5.00000   -4.66282    0.00363   -0.93608    0.08160
   2.80500   -2.68095   -7.90083   25.42681   -0.50417   -1.76832   -5.00000   -4.35074    0.00243   -0.92401    0.08070
   2.81000   -2.72020   -7.79896   26.42023   -0.52917   -1.78925   -5.00000   -4.02510    0.00103   -0.96622    0.08159
   2.81500   -2.75894   -7.69430   27.42144   -0.55417   -1.80898   -5.00000   -3.87390   -0.00060   -0.88970    0.08048
   2.82000   -2.79714   -7.58686   28.40174   -0.57917   -1.82737   -5.00000   -3.48714    0.00814   -0.88277    0.08032
   2.82500   -2.83480   -7.47695   29.37507   -0.60409   -1.84387   -4.96432   -3.12069    0.03946   -0.87407    0.07997
   2.83000   -2.87191   -7.36472   30.33893   -0.62854   -1.85858   -4.81908   -2.77224    0.05850   -0.86329    0.07973
   2.83500   -2.90844   -7.25034   31.29509   -0.65212   -1.87158   -4.61418   -2.43823    0.06672   -0.85099    0.07938
   2.84000   -2.94441   -7.13393   32.24208   -0.67463   -1.88295   -4.39186   -2.11695    0.06272   -0.83812    0.07909
   2.84500   -2.97978   -7.01564   33.18097   -0.69610   -1.89274   -4.19629   -1.80968    0.04462   -0.82751    0.07890
   2.85000   -3.01456   -6.89559   34.11336   -0.71677   -1.90106   -4.07464   -1.52694    0.03204   -0.82956    0.07788
   2.85500   -3.04873   -6.77386   35.02746   -0.73696   -1.90813   -4.00376   -1.31294    0.03436   -0.79291    0.07812
   2.86000   -3.08230   -6.65075   35.94155   -0.75680   -1.91397   -3.92997   -1.03491    0.03742   -0.77817    0.07765
   2.86500   -3.11524   -6.52633   36.84566   -0.77625   -1.91847   -3.85102   -0.77421    0.03378   -0.81499    0.07746
   2.87000   -3.14756   -6.40078   37.74393   -0.79535   -1.92214   -3.78984   -0.70592    0.04164   -0.73588    0.07761
   2.87500   -3.17925   -6.27433   38.64144   -0.81408   -1.92494   -3.70634   -0.42636    0.03996   -0.71975    0.07688
   2.88000   -3.21030   -6.14699   39.52560   -0.83243   -1.92639   -3.63430   -0.16511    0.04335   -0.70503    0.07653
   2.88500   -3.24071   -6.01893   40.40215   -0.85041   -1.92659   -3.55582    0.07161    0.04349   -0.68891    0.07625
   2.89000   -3.27049   -5.89025   41.27211   -0.86800   -1.92566   -3.48235    0.28795    0.04659   -0.67166    0.07595
   2.89500   -3.29962   -5.76106   42.13526   -0.88521   -1.92369   -3.40350    0.48720    0.04682   -0.65364    0.07562
   2.90000   -3.32810   -5.63146   42.99139   -0.90204   -1.92076   -3.32936    0.67158    0.04983   -0.63517    0.07533
   2.90500   -3.35593   -5.50155   43.84119   -0.91849   -1.91694   -3.25021    0.84231    0.05084   -0.63264    0.07751
   2.91000   -3.38311   -5.37173   44.72038   -0.93454   -1.91244   -3.17315    0.94568    0.05071   -0.59355    0.07470
   2.91500   -3.40965   -5.24149   45.55712   -0.95023   -1.90727   -3.10187    1.10932    0.05976   -0.57537    0.07445
   2.92000   -3.43553   -5.11121   46.38839   -0.96549   -1.90132   -3.00501    1.25784    0.08682   -0.55624    0.07418
   2.92500   -3.46076   -4.98096   47.21390   -0.98006   -1.89466   -2.82396    1.39480    0.10740   -0.53661    0.07403
   2.93000   -3.48534   -4.85079   48.03554   -0.99358   -1.88733   -2.58762    1.52225    0.11851   -0.53198    0.07266
   2.93500   -3.50927   -4.72058   48.83578   -1.00588   -1.87952   -2.33364    1.59011    0.14616   -0.49738    0.07339
   2.94000   -3.53254   -4.59059   49.64496   -1.01672   -1.87125   -2.00969    1.70393    0.16089   -0.47590    0.07305
   2.94500   -3.55517   -4.46069   50.44747   -1.02590   -1.86242   -1.66712    1.81636    0.19448   -0.42912    0.06886
   2.95000   -3.57715   -4.33038   51.18798   -1.03316   -1.85281   -1.24696    2.01257    0.18291   -0.44735    0.07270
   2.95500   -3.59848   -4.20056   51.98224   -1.03854   -1.84258   -0.91077    2.06674    0.16045   -0.46776    0.07178
   2.96000   -3.61916   -4.07064   52.76150   -1.04253   -1.83244   -0.69263    1.98223    0.18977   -0.44079    0.07364
   2.96500   -3.63918   -3.94098   53.56586   -1.04528   -1.82263   -0.41178    1.93099    0.24195   -0.37135    0.07211
   2.97000   -3.65856   -3.81115   54.34639   -1.04628   -1.81263    0.00184    2.05592    0.25392   -0.36017    0.07194
   2.97500   -3.67730   -3.68126   55.12272   -1.04525   -1.80209    0.39938    2.14849    0.22931   -0.39122    0.07414
   2.98000   -3.69538   -3.55151   55.92887   -1.04259   -1.79152    0.65474    2.06909    0.28347   -0.32935    0.07312
   2.98500   -3.71281   -3.42148   56.71838   -1.03833   -1.78096    1.04061    2.14499    0.30498   -0.32377    0.07094
   2.99000   -3.72959   -3.29097   57.47447   -1.03211   -1.77013    1.43397    2.17644    0.32353   -0.28438    0.07072
   2.99500   -3.74572   -3.16012   58.22546   -1.02395   -1.75896    1.82013    2.28139    0.33556   -0.28243    0.07100
   3.00000   -3.76119   -3.02889   58.97835   -1.01393   -1.74741    2.17352    2.32876    0.35533   -0.26938    0.07082
   3.00500   -3.77601   -2.89711   59.72645   -1.00217   -1.73566    2.51860    2.36079    0.35503   -0.30379    0.06962
   3.01000   -3.79016   -2.76460   60.45507   -0.98888   -1.72419    2.78462    2.21978    0.39405   -0.27431    0.07272
   3.01500   -3.80365   -2.63181   61.22610   -0.97411   -1.71328    3.10656    2.13620    0.40947   -0.25499    0.06942
   3.02000   -3.81648   -2.49792   61.94713   -0.95782   -1.70273    3.39750    2.07433    0.43449   -0.22091    0.07160
   3.02500   -3.82863   -2.36351   62.69717   -0.94007   -1.69232    3.68863    2.08456    0.46106   -0.19389    0.07012
   3.03000   -3.84011   -2.22804   63.42339   -0.92085   -1.68173    3.98179    2.13934    0.48923   -0.18131    0.06907
   3.03500   -3.85091   -2.09144   64.13193   -0.90016   -1.67090    4.27875    2.18763    0.49941   -0.17767    0.06949
   3.04000   -3.86102   -1.95379   64.84387   -0.87814   -1.65991    4.51516    2.20049    0.51736   -0.17784    0.06964
   3.04500   -3.87045   -1.81494   65.55511   -0.85501   -1.64897    4.71854    2.16873    0.53302   -0.18081    0.06863
   3.05000   -3.87917   -1.67468   66.24889   -0.83097   -1.63831    4.88107    2.08773    0.54047   -0.16214    0.06939
   3.05500   -3.88719   -1.53314   66.95077   -0.80629   -1.62799    4.97612    2.03613    0.54573   -0.15656    0.06921
   3.06000   -3.89450   -1.39018   67.64705   -0.78132   -1.61796    5.00000    1.96974    0.56268   -0.14818    0.06836
   3.06500   -3.90109   -1.24565   68.32815   -0.75629   -1.60827    4.99709    1.90113    0.58862   -0.12871    0.06886
   3.07000   -3.90695   -1.09971   69.01349   -0.73126   -1.59883    5.00000    1.86991    0.60862   -0.12496    0.06917
   3.07500   -3.91208   -0.95228   69.70016   -0.70625   -1.58959    4.98878    1.82216    0.63828   -0.14200    0.06699
   3.08000   -3.91647   -0.80304   70.35239   -0.68125   -1.58079    4.99761    1.69090    0.66035   -0.02648    0.06166
   3.08500   -3.92011   -0.65156   70.92498   -0.65622   -1.57172    5.00000    1.93100    0.68330   -0.15970    0.06845
   3.09000   -3.92299   -0.49922   71.59224   -0.63119   -1.56270    5.00000    1.67761    0.70672   -0.14355    0.06721
   3.09500   -3.92510   -0.34505   72.23849   -0.60615   -1.55482    5.00000    1.47211    0.72991   -0.12534    0.06965
   3.10000   -3.92644   -0.18947   72.91673   -0.58112   -1.54783    5.00000    1.32182    0.75288   -0.14084    0.06802
   3.10500   -3.92699   -0.03199   73.56827   -0.55609   -1.54174    5.00000    1.11244    0.77560   -0.13390    0.06629
   3.11000   -3.92675    0.12742   74.19190   -0.53105   -1.53664    5.00000    0.92730    0.79807   -0.09810    0.06354
   3.11500   -3.92571    0.28889   74.77283   -0.50602   -1.53216    5.00000    0.86527    0.82025   -0.11451    0.05625
   3.12000   -3.92386    0.45300   75.24573   -0.48099   -1.52814    5.00000    0.74396    0.83997   -0.18266    0.05805
   3.12500   -3.92118    0.61869   75.74167   -0.45598   -1.52530    4.99266    0.39591    0.86574   -0.06674    0.05363
   3.13000   -3.91767    0.78669   76.17119   -0.43096   -1.52315    5.00000    0.46191    0.88498   -0.05400    0.05069
   3.13500   -3.91331    0.95688   76.55555   -0.40593   -1.52058    5.00000    0.56625    0.90591   -0.05326    0.04725
   3.14000   -3.90809    1.12940   76.88767   -0.38090   -1.51749    5.00000    0.66585    0.92649   -0.04963    0.04400
   3.14500   -3.90201    1.30430   77.17030   -0.35587   -1.51390    5.00000    0.77079    0.94671   -0.04797    0.04070
   3.15000   -3.89505    1.48167   77.40273   -0.33084   -1.50978    5.00000    0.87403    0.96654   -0.04447    0.03606
   3.15500   -3.88719    1.66175   77.56578   -0.30582   -1.50514    5.00000    0.98194    0.94484   -0.04270    0.03402
   3.16000   -3.87843    1.84427   77.69688   -0.28114   -1.49996    4.86165    1.08830    0.91650   -0.03918    0.03048
   3.16500   -3.86874    2.02945   77.77457   -0.25753   -1.49424    4.57587    1.19916    0.89996   -0.04409    0.02718
   3.17000   -3.85813    2.21722   77.80238   -0.23558   -1.48803    4.19878    1.28581    0.61398   -0.03634    0.02319
   3.17500   -3.84657    2.40755   77.77059   -0.21801   -1.48133    2.83816    1.39284    0.92343    0.00704    0.02125
   3.18000   -3.83405    2.59991   77.70922   -0.20444   -1.47374    2.58956    1.63884    0.76592   -0.08709    0.01673
   3.18500   -3.82056    2.79449   77.58121   -0.19346   -1.46577    1.81090    1.54967    0.97131    0.01280    0.01343
   3.19000   -3.80610    2.99097   77.40448   -0.18450   -1.45738    1.77455    1.80418    1.01158   -0.02843    0.00979
   3.19500   -3.79065    3.18940   77.17427   -0.17537   -1.44811    1.87611    1.90180    1.02256   -0.02884    0.00609
   3.20000   -3.77420    3.38985   76.88974   -0.16565   -1.43838    2.00770    1.99106    1.01924   -0.01216    0.00125
   3.20500   -3.75675    3.59253   76.53466   -0.15533   -1.42807    2.11894    2.13044    1.02622   -0.01891   -0.00073
   3.21000   -3.73827    3.79713   76.15013   -0.14442   -1.41714    2.24599    2.23734    1.02563   -0.00889   -0.00492
   3.21500   -3.71877    4.00400   75.70442   -0.13289   -1.40562    2.36221    2.37065    1.03194   -0.01222   -0.00928
   3.22000   -3.69823    4.21317   75.19519   -0.12075   -1.39348    2.49166    2.48342    1.03155   -0.00412   -0.01231
   3.22500   -3.67663    4.42454   74.64158   -0.10799   -1.38073    2.61083    2.61576    1.03778   -0.00354   -0.01733
   3.23000   -3.65398    4.63837   74.01511   -0.09461   -1.36733    2.74276    2.74084    1.03753   -0.00060   -0.02176
   3.23500   -3.63025    4.85458   73.32449   -0.08058   -1.35331    2.86465    2.86715    1.04412    0.00319   -0.02559
   3.24000   -3.60543    5.07313   72.57845   -0.06592   -1.33865    3.00033    2.99747    1.04338    0.00560   -0.03055
   3.24500   -3.57951    5.29412   71.76080   -0.05060   -1.32333    3.12410    3.12689    1.05032    0.00872   -0.03426
   3.25000   -3.55248    5.51738   70.88974   -0.03463   -1.30737    3.26268    3.25785    1.04924    0.01361   -0.03793
   3.25500   -3.52433    5.74288   69.96596   -0.01800   -1.29073    3.38800    3.39623    1.05771    0.01324   -0.04301
   3.26000   -3.49505    5.97072   68.96942   -0.00069   -1.27342    3.53321    3.52374    1.05452    0.02047   -0.04983
   3.26500   -3.46462    6.20104   67.87527    0.01729   -1.25544    3.65754    3.66678    1.06410    0.01970   -0.05343
   3.27000   -3.43304    6.43336   66.73021    0.03595   -1.23678    3.80560    3.79728    1.06156    0.02665   -0.05545
   3.27500   -3.40028    6.66738   65.55721    0.05530   -1.21742    3.93477    3.94219    1.06970    0.02612   -0.06193
   3.28000   -3.36636    6.90350   64.29219    0.07535   -1.19738    4.08249    4.07525    1.06832    0.03301   -0.06956
   3.28500   -3.33125    7.14172   62.91905    0.09610   -1.17663    4.21526    4.22233    1.07578    0.03255   -0.07079
   3.29000   -3.29494    7.38108   61.53029    0.11755   -1.15517    4.36400    4.35762    1.07513    0.03918   -0.07591
   3.29500   -3.25743    7.62187   60.07015    0.13972   -1.13301    4.50021    4.50592    1.08154    0.03681   -0.08060
   3.30000   -3.21872    7.86379   58.54506    0.16259   -1.11015    4.64858    4.63591    1.07196    0.03897   -0.08521
   3.30500   -3.17879    8.10660   56.95668    0.18610   -1.08665    4.75444    4.76430    1.11549    0.07340   -0.09403
   3.31000   -3.13765    8.35051   55.24495    0.21050   -1.06223    5.00000    5.00000    1.04788    0.00847   -0.11058
   3.31500   -3.09528    8.59617   53.29909    0.23550   -1.03723    5.00000    5.00000    1.04749    0.00819   -0.10581
   3.32000   -3.05169    8.84064   51.42678    0.26050   -1.01223    5.00000    5.00000    1.04638    0.00738   -0.11454
   3.32500   -3.00687    9.08509   49.43413    0.28549   -0.98723    5.00000    5.00000    1.04455    0.00607   -0.12321
   3.33000   -2.96084    9.32905   47.32258    0.31049   -0.96224    5.00000    5.00000    1.04202    0.00423   -0.13139
   3.33500   -2.91359    9.57196   45.10006    0.33549   -0.93724    5.00000    5.00000    1.03879    0.00188   -0.14039
   3.34000   -2.86512    9.81340   42.75554    0.36048   -0.91224    5.00000    5.00000    1.03485   -0.00099   -0.15295
   3.34500   -2.81545   10.05326   40.23861    0.38547   -0.88725    5.00000    5.00000    1.03022   -0.00437   -0.15705
   3.35000   -2.76459   10.28994   37.67191    0.41047   -0.86225    5.00000    5.00000    1.02492   -0.00826   -0.17055
   3.35500   -2.71256   10.52399   34.92086    0.43546   -0.83726    5.00000    5.00000    1.01894   -0.01266   -0.17272
   3.36000   -2.65936   10.75344   32.14950    0.46045   -0.81226    5.00000    5.00000    1.01231   -0.01756   -0.18165
   3.36500   -2.60503   10.97847   29.26124    0.48544   -0.78727    5.00000    5.00000    1.00505   -0.02296   -0.18897
   3.37000   -2.54958   11.19826   26.28020    0.51043   -0.76228    5.00000    5.00000    0.99717   -0.02884   -0.19519
   3.37500   -2.49305   11.41203   23.22306    0.53542   -0.73729    5.00000    5.00000    0.98869   -0.03521   -0.20377
   3.38000   -2.43547   11.61941   20.05664    0.56040   -0.71230    5.00000    5.00000    0.97964   -0.04205   -0.21215
   3.38500   -2.37687   11.81974   16.78473    0.58539   -0.68731    5.00000    5.00000    0.97005   -0.04936   -0.21808
   3.39000   -2.31729   12.01208   13.44346    0.61038   -0.66232    5.00000    5.00000    0.95993   -0.05711   -0.23381
   3.39500   -2.25676   12.19696    9.89258    0.63536   -0.63733    5.00000    5.00000    0.94932   -0.06530   -0.23107
   3.40000   -2.19534   12.37157    6.39884    0.66035   -0.61234    5.00000    5.00000    0.93825   -0.07392   -0.23867
   3.40500   -2.13306   12.53656    2.81400    0.68533   -0.58736    5.00000    5.00000    0.92675   -0.08294   -0.24287
   3.41000   -2.06999   12.69094   -0.81218    0.71031   -0.56237    5.00000    5.00000    0.91486   -0.09234   -0.24837
   3.41500   -2.00617   12.83436   -4.49788    0.73529   -0.53738    5.00000    5.00000    0.90261   -0.10212   -0.25352
   3.42000   -1.94166   12.96629   -8.23733    0.76028   -0.51240    5.00000    5.00000    0.89004   -0.11224   -0.29119
   3.42500   -1.87652   13.09017  -12.49811    0.78526   -0.48741    5.00000    5.00000    0.87718   -0.12269   -0.26162
   3.43000   -1.81079   13.19756  -16.31099    0.81024   -0.46243    5.00000    5.00000    0.86407   -0.13345   -0.26589
   3.43500   -1.74456   13.29220  -20.16356    0.83522   -0.43745    5.00000    5.00000    0.85075   -0.14448   -0.26952
   3.44000   -1.67789   13.37373  -24.04628    0.86020   -0.41246    5.00000    5.00000    0.83726   -0.15576   -0.27306
   3.44500   -1.61085   13.44194  -27.95768    0.88518   -0.38748    5.00000    5.00000    0.82365   -0.16725   -0.27555
   3.45000   -1.54349   13.49657  -31.88225    0.91016   -0.36249    5.00000    5.00000    0.80995   -0.17894   -0.27793
   3.45500   -1.47590   13.53754  -35.81849    0.93514   -0.33751    5.00000    5.00000    0.79619   -0.19080   -0.27992
   3.46000   -1.40814   13.56483  -39.76071    0.96012   -0.31253    5.00000    5.00000    0.78243   -0.20278   -0.28151
   3.46500   -1.34028   13.57845  -43.70331    0.98510   -0.28755    5.00000    5.00000    0.76869   -0.21486   -0.28267
   3.47000   -1.27238   13.57852  -47.64015    1.01008   -0.26256    5.00000    5.00000    0.75501   -0.22702   -0.28344
   3.47500   -1.20451   13.56520  -51.56580    1.03506   -0.23758    5.00000    5.00000    0.74143   -0.23920   -0.28380
   3.48000   -1.13675   13.53876  -55.47487    1.06004   -0.21260    5.00000    5.00000    0.61924   -0.25140   -0.28376
   3.48500   -1.06915   13.49948  -59.36176    1.08409   -0.18762    4.63411    5.00000    0.24872   -0.26356   -0.28261
   3.49000   -1.00178   13.44749  -63.21091    1.10335   -0.16264    3.09701    5.00000    0.05272   -0.27566   -0.28253
   3.49500   -0.93469   13.38298  -67.03794    1.11369   -0.13765    1.07939    5.00000    0.02492   -0.37711   -0.28126
   3.50000   -0.86797   13.30575  -70.82567    1.11431   -0.11343   -0.79087    4.69903    0.02492   -0.37711   -0.28126
   3.50503   -0.80141   13.18171  -70.54389    1.10594   -0.08720   -2.49677    5.73732    0.00000    0.00000    0.00000
   3.51005   -0.73551   13.04555  -70.25065    1.08967   -0.05584   -3.93434    6.73225    0.00000    0.00000    0.00000
   3.51508   -0.67032   12.89792  -69.94659    1.06684   -0.01963   -5.10550    7.67169    0.00000    0.00000    0.00000
   3.52010   -0.60590   12.73953  -69.63247    1.03879    0.02115   -6.01699    8.54485    0.00000    0.00000    0.00000
   3.52513   -0.54230   12.57122  -69.30914    1.00679    0.06612   -6.67959    9.34263    0.00000    0.00000    0.00000
   3.53015   -0.47957   12.39388  -68.97751    0.97205    0.11490   -7.10748   10.05761    0.00000    0.00000    0.00000
   3.53518   -0.41775   12.20846  -68.63854    0.93572    0.16706   -7.31746   10.68411    0.00000    0.00000    0.00000
   3.54020   -0.35688   12.01592  -68.29323    0.89884    0.22213   -7.32830   11.21818    0.00000    0.00000    0.00000
   3.54523   -0.29700   11.81727  -67.94257    0.86237    0.27964   -7.16003   11.65757    0.00000    0.00000    0.00000
   3.55025   -0.23813   11.61349  -67.58757    0.82715    0.33913   -6.83330   12.00164    0.00000    0.00000    0.00000
   3.55528   -0.18029   11.40554  -67.22921    0.79392    0.40011   -6.36899   12.25125    0.00000    0.00000    0.00000
   3.56030   -0.12350   11.19439  -66.86845    0.76334    0.46210   -5.78778   12.40864    0.00000    0.00000    0.00000
   3.56533   -0.06779   10.98093  -66.50618    0.73592    0.52466   -5.10935   12.47724    0.00000    0.00000    0.00000
   3.57035   -0.01314   10.76602  -66.14326    0.71212    0.58736   -4.35265   12.46150    0.00000    0.00000    0.00000
   3.57538    0.04042   10.55047  -65.78052    0.69227    0.64977   -3.53559   12.36680    0.00000    0.00000    0.00000
   3.58040    0.09289   10.33503  -65.41870    0.67666    0.71153   -2.67465   12.19917    0.00000    0.00000    0.00000
   3.58543    0.14429   10.12040  -65.05850    0.66544    0.77227   -1.78488   11.96513    0.00000    0.00000    0.00000
   3.59045    0.19461    9.90723  -64.70055    0.65874    0.83168   -0.88015   11.67162    0.00000    0.00000    0.00000
   3.59548    0.24386    9.69610  -64.34544    0.65660    0.88948    0.02714   11.32580    0.00000    0.00000    0.00000
   3.60050    0.29206    9.48754  -63.99369    0.65900    0.94543    0.92591   10.93490    0.00000    0.00000    0.00000
   3.60553    0.33922    9.28204  -63.64578    0.66588    0.99932    1.80639   10.50612    0.00000    0.00000    0.00000
   3.61055    0.38535    9.08001  -63.30212    0.67711    1.05097    2.66006   10.04644    0.00000    0.00000    0.00000
   3.61558    0.43048    8.88187  -62.96310    0.69255    1.10025    3.47932    9.56285    0.00000    0.00000    0.00000
   3.62060    0.47462    8.68794  -62.62904    0.71201    1.14705    4.25782    9.06181    0.00000    0.00000    0.00000
   3.62563    0.51780    8.49853  -62.30025    0.73526    1.19130    4.99012    8.54954    0.00000    0.00000    0.00000
   3.63065    0.56004    8.31389  -61.97696    0.76208    1.23296    5.67166    8.03183    0.00000    0.00000    0.00000
   3.63568    0.60137    8.13428  -61.65940    0.79218    1.27202    6.29867    7.51408    0.00000    0.00000    0.00000
   3.64070    0.64180    7.95989  -61.34777    0.82529    1.30849    6.86809    7.00136    0.00000    0.00000    0.00000
   3.64573    0.68138    7.79089  -61.04221    0.86110    1.34240    7.37765    6.49813    0.00000    0.00000    0.00000
   3.65075    0.72011    7.62742  -60.74287    0.89933    1.37382    7.82571    6.00844    0.00000    0.00000    0.00000
   3.65578    0.75804    7.46963  -60.44986    0.93965    1.40282    8.21123    5.53587    0.00000    0.00000    0.00000
   3.66080    0.79520    7.31759  -60.16326    0.98174    1.42949    8.53374    5.08356    0.00000    0.00000    0.00000
   3.66583    0.83160    7.17140  -59.88313    1.02531    1.45395    8.79331    4.65421    0.00000    0.00000    0.00000
   3.67085    0.86728    7.03112  -59.60953    1.07002    1.47631    8.99056    4.25013    0.00000    0.00000    0.00000
   3.67588    0.90227    6.89678  -59.34248    1.11556    1.49671    9.12660    3.87317    0.00000    0.00000    0.00000
   3.68090    0.93660    6.76843  -59.08199    1.16164    1.51529    9.20300    3.52477    0.00000    0.00000    0.00000
   3.68593    0.97031    6.64606  -58.82808    1.20796    1.53218    9.22177    3.20602    0.00000    0.00000    0.00000
   3.69095    1.00341    6.52969  -58.58071    1.25423    1.54756    9.18537    2.91764    0.00000    0.00000    0.00000
   3.69598    1.03594    6.41929  -58.33986    1.30019    1.56156    9.09672    2.66002    0.00000    0.00000    0.00000
   3.70101    1.06793    6.31484  -58.10548    1.34557    1.57434    8.95902    2.43320    0.00000    0.00000    0.00000
